
$molecule
 C     0.005526  -0.021011   0.370382
 C     1.312295  -0.637464  -0.112039
 C    -1.211500  -0.795589  -0.100188
 H     2.171563  -0.054350   0.230754
 H     1.428247  -1.654299   0.270041
 H     1.333687  -0.670758  -1.203488
 H    -2.126443  -0.316002   0.249078
 H    -1.236427  -0.829604  -1.191525
 H    -1.186456  -1.818357   0.280140
 H     0.007605   0.001506   1.469440
 O    -0.148087   1.314504  -0.124664
 H     0.626090   1.827719   0.131004
$end
$temperature
298.15
$end
$mult
 1
$end
$sigma
 1
$end
$pressure
1.00000
$end
$scale
0.99
$end
$msrrho
$end
$freq
218.82
263.76
293.39
364.52
416.56
484.55
822.38
932.87
950.15
960.91
1085.94
1157.10
1187.77
1277.58
1374.88
1393.58
1411.74
1426.16
1481.69
1485.98
1495.99
1506.89
2961.86
3020.63
3035.84
3080.22
3093.68
3102.39
3109.40
3796.56
$end
