
$molecule
 C    -2.442185  -0.172340  -0.145776
 C    -1.013299  -0.314607   0.370947
 C    -0.058620   0.704554  -0.247797
 C     1.373588   0.569372   0.232673
 O     1.878657  -0.695061  -0.198515
 H    -3.107743  -0.906228   0.313172
 H    -2.483373  -0.317734  -1.228361
 H    -2.844151   0.821745   0.068580
 H    -0.640828  -1.320238   0.165021
 H    -1.003050  -0.197796   1.460450
 H    -0.401478   1.719555  -0.018543
 H    -0.069609   0.607521  -1.338412
 H     1.406940   0.642376   1.328315
 H     1.982919   1.384317  -0.177821
 H     2.771081  -0.806907   0.143376
$end
$temperature
298.15
$end
$mult
 1
$end
$sigma
 1
$end
$pressure
1.00000
$end
$scale
0.99
$end
$msrrho
$end
$freq
87.40
140.52
222.70
244.60
274.87
346.71
509.63
749.08
838.33
856.14
966.25
981.71
1037.63
1074.04
1123.80
1159.64
1236.25
1257.03
1301.11
1334.35
1340.62
1404.43
1414.63
1447.02
1476.01
1494.55
1499.08
1510.11
1519.46
2969.80
2995.65
3008.63
3016.55
3021.19
3044.88
3062.15
3084.72
3086.78
3814.32
$end
