
$molecule
 C     0.000000   0.000000  -0.000000
 C     0.880697  -0.890330  -0.885488
 H     0.270687  -1.536619  -1.521431
 H     1.519930  -0.287293  -1.535064
 H     1.526806  -1.529780  -0.278964
 C    -0.890330   0.880697  -0.885488
 H    -1.536619   0.270687  -1.521431
 H    -1.529780   1.526806  -0.278964
 H    -0.287293   1.519930  -1.535064
 C     0.890304   0.890304   0.875854
 H     0.287248   1.536570   1.518416
 H     1.536570   0.287248   1.518416
 H     1.529776   1.529776   0.262356
 C    -0.880671  -0.880671   0.895120
 H    -0.270642  -1.519962   1.538080
 H    -1.519962  -0.270642   1.538080
 H    -1.526720  -1.526720   0.295569
$end
$temperature
298.15
$end
$mult
 1
$end
$sigma
 1
$end
$pressure
1.00000
$end
$scale
0.99
$end
$msrrho
$end
$freq
202.83
274.93
274.93
274.93
331.64
331.64
418.12
418.12
418.12
734.60
928.85
928.86
928.86
963.27
963.27
963.27
1089.40
1089.40
1276.26
1276.26
1276.26
1399.98
1399.98
1399.98
1438.90
1481.95
1481.95
1481.95
1489.97
1489.97
1516.21
1516.21
1516.21
3016.09
3016.09
3016.09
3027.65
3077.42
3077.42
3077.42
3078.59
3078.59
3085.52
3085.52
3085.52
$end
