
$molecule
 O     0.000000  -0.250001   0.000000
 C    -1.182210   0.527667   0.000000
 C     1.182210   0.527667   0.000000
 C    -2.377128  -0.401656  -0.000000
 C     2.377128  -0.401656  -0.000000
 H    -1.199481   1.180561  -0.885285
 H    -1.199481   1.180561   0.885285
 H    -3.305365   0.173327  -0.000000
 H    -2.365190  -1.040526   0.884460
 H    -2.365189  -1.040526  -0.884460
 H     1.199481   1.180561   0.885285
 H     1.199481   1.180561  -0.885285
 H     3.305365   0.173327  -0.000000
 H     2.365190  -1.040526  -0.884460
 H     2.365190  -1.040526   0.884460
$end
$temperature
298.15
$end
$mult
 1
$end
$sigma
 2
$end
$pressure
1.00000
$end
$scale
0.99
$end
$msrrho
$end
$freq
98.86
105.23
192.39
248.14
253.38
435.86
439.38
820.52
832.15
857.72
946.09
1055.23
1097.84
1150.77
1170.10
1178.76
1199.16
1295.94
1301.32
1382.96
1405.51
1412.60
1448.14
1482.85
1483.07
1497.95
1500.61
1517.04
1533.25
2946.63
2958.68
2971.11
2973.31
3036.81
3037.27
3101.61
3101.88
3105.81
3105.99
$end
