
$molecule
 C    -0.463977   0.127445   0.000000
 O     0.583984  -0.723023   0.000000
 O    -0.344089   1.325647  -0.000000
 C    -1.767450  -0.623301   0.000000
 C     1.882844  -0.110913  -0.000000
 H     2.593710  -0.932837  -0.000000
 H     2.012552   0.508765   0.886938
 H     2.012551   0.508765  -0.886938
 H    -2.592866   0.083096  -0.000000
 H    -1.825944  -1.266555   0.879325
 H    -1.825944  -1.266555  -0.879325
$end
$temperature
298.15
$end
$mult
 1
$end
$sigma
 1
$end
$pressure
1.00000
$end
$scale
0.99
$end
$msrrho
$end
$freq
44.08
136.32
178.61
284.00
426.03
611.08
644.63
856.39
986.49
1068.50
1071.81
1174.74
1209.49
1266.45
1399.68
1469.80
1473.96
1476.79
1484.71
1497.98
1797.06
3051.11
3053.16
3110.46
3119.91
3152.80
3157.86
$end
