
$molecule
 C    -1.567570  -1.200905   0.103772
 C    -0.207292  -1.197591  -0.180868
 C     0.493206   0.000000  -0.326435
 C    -0.207292   1.197591  -0.180868
 C    -1.567570   1.200905   0.103772
 C    -2.252957   0.000000   0.248160
 H    -2.093660  -2.141719   0.208908
 H     0.319675  -2.138223  -0.295665
 H     0.319675   2.138223  -0.295665
 H    -2.093660   2.141719   0.208908
 H    -3.313283   0.000000   0.466772
 C     1.978024  -0.000000  -0.584401
 H     2.244444  -0.877022  -1.180007
 H     2.244444   0.877022  -1.180007
 C     2.795658  -0.000000   0.713067
 H     2.566462  -0.881272   1.315516
 H     3.867200   0.000000   0.502086
 H     2.566461   0.881272   1.315517
$end
$temperature
298.15
$end
$mult
 1
$end
$sigma
 1
$end
$pressure
1.00000
$end
$scale
0.99
$end
$msrrho
$end
$freq
40.76
134.68
221.74
312.56
358.34
414.20
503.08
567.89
639.38
712.94
768.30
787.87
795.08
854.76
918.55
955.80
972.02
974.98
1025.16
1054.46
1058.06
1083.98
1122.74
1183.39
1204.81
1231.00
1273.00
1343.45
1354.45
1366.30
1409.50
1489.55
1490.16
1495.09
1508.35
1533.63
1626.96
1648.25
3027.48
3029.23
3058.62
3091.70
3096.62
3154.34
3155.42
3169.55
3178.15
3190.86
$end
