
$molecule
 C     0.914668   0.001581  -0.000000
 C     0.217212   1.206889   0.000000
 C     0.221642  -1.206309  -0.000000
 C    -1.172923   1.200060  -0.000000
 C    -1.165720  -1.199841   0.000000
 C    -1.872145  -0.000352   0.000000
 H     0.759660   2.146419  -0.000000
 H     0.781422  -2.132154  -0.000000
 H    -1.708180   2.141289  -0.000000
 H    -1.699647  -2.141890   0.000000
 H    -2.953978  -0.002626   0.000000
 O     2.279971  -0.055385   0.000000
 H     2.639962   0.838714   0.000000
$end
$temperature
298.15
$end
$mult
 1
$end
$sigma
 1
$end
$pressure
1.00000
$end
$scale
0.99
$end
$msrrho
$end
$freq
229.47
341.02
408.13
420.81
514.35
538.22
635.43
695.36
760.42
822.24
832.93
888.85
940.73
960.66
1020.00
1047.22
1096.59
1179.11
1193.38
1194.28
1284.99
1351.32
1374.82
1506.86
1534.32
1639.13
1650.15
3150.86
3170.63
3178.92
3192.77
3199.25
3798.92
$end
