
$molecule
 C    -1.304989  -0.474676  -0.000001
 O     0.015082  -0.682391  -0.000000
 O    -1.852025   0.593158   0.000000
 H    -1.822443  -1.444135   0.000001
 C     0.851397   0.502174  -0.000000
 C     2.290841   0.045631   0.000000
 H     0.607440   1.096776  -0.881576
 H     0.607439   1.096776   0.881576
 H     2.951316   0.914760   0.000000
 H     2.510561  -0.552793   0.885191
 H     2.510561  -0.552793  -0.885191
$end
$temperature
298.15
$end
$mult
 1
$end
$sigma
 1
$end
$pressure
1.00000
$end
$scale
0.99
$end
$msrrho
$end
$freq
61.17
226.21
236.51
346.04
381.49
787.61
815.21
853.98
1028.41
1041.00
1134.04
1179.70
1206.29
1298.77
1396.51
1399.74
1425.93
1486.02
1497.53
1517.17
1789.72
3025.86
3041.11
3055.01
3088.18
3106.71
3116.94
$end
