
$molecule
 C    -1.859874   0.000000   0.010241
 H    -2.942481  -0.000000   0.015875
 C    -1.158889   1.200318   0.003629
 C    -1.158889  -1.200318   0.003629
 H    -1.694762   2.141497   0.003200
 H    -1.694762  -2.141497   0.003200
 C     0.230806   1.197311  -0.007419
 C     0.230806  -1.197311  -0.007419
 H     0.768953   2.138345  -0.016503
 H     0.768953  -2.138345  -0.016503
 C     0.946958   0.000000  -0.010088
 C     2.452101  -0.000000   0.011156
 H     2.828171   0.000000   1.038572
 H     2.856263   0.883869  -0.484502
 H     2.856263  -0.883869  -0.484502
$end
$temperature
298.15
$end
$mult
 1
$end
$sigma
 1
$end
$pressure
1.00000
$end
$scale
0.99
$end
$msrrho
$end
$freq
28.92
207.94
345.45
414.39
475.86
531.09
639.64
709.35
742.99
803.45
854.39
905.89
955.22
973.05
1003.29
1024.41
1054.81
1064.83
1114.21
1183.63
1206.01
1234.34
1331.27
1361.68
1414.69
1472.32
1489.09
1504.45
1534.53
1627.60
1649.34
3024.47
3076.80
3103.42
3155.90
3157.39
3170.33
3178.55
3191.06
$end
