
$molecule
 C     0.000000   0.000001   0.365261
 H     0.000000   0.000006   1.461810
 C    -0.000000   1.455366  -0.103857
 C    -1.260385  -0.727683  -0.103860
 C     1.260385  -0.727683  -0.103860
 H    -0.000000   1.508253  -1.196773
 H    -0.883521   1.988590   0.254671
 H     0.883521   1.988590   0.254671
 H    -1.306191  -0.754129  -1.196777
 H    -1.280405  -1.759447   0.254670
 H    -2.163929  -0.229143   0.254669
 H     1.306191  -0.754129  -1.196777
 H     2.163929  -0.229143   0.254669
 H     1.280405  -1.759446   0.254670
$end
$temperature
298.15
$end
$mult
 1
$end
$sigma
 1
$end
$pressure
1.00000
$end
$scale
0.99
$end
$msrrho
$end
$freq
213.17
259.14
259.15
367.60
367.62
434.31
800.43
928.01
928.03
960.08
975.32
975.33
1194.47
1194.48
1213.18
1362.63
1362.63
1401.44
1401.44
1429.68
1481.55
1488.29
1488.30
1505.96
1505.96
1513.63
2993.91
3014.42
3014.42
3021.92
3071.43
3071.44
3081.44
3081.64
3085.60
3085.60
$end
