
$molecule
 C    -3.028265  -0.000000   0.000000
 H    -4.110433  -0.000000   0.000000
 C    -2.330802   1.202468  -0.000000
 C    -2.330802  -1.202468  -0.000000
 H    -2.866746   2.143099  -0.000000
 H    -2.866746  -2.143099  -0.000000
 C    -0.940295   1.210615  -0.000000
 C    -0.940295  -1.210615   0.000000
 H    -0.392633   2.142464  -0.000000
 H    -0.392633  -2.142464   0.000000
 C    -0.261410   0.000000   0.000000
Br     1.649749  -0.000000   0.000000
$end
$temperature
298.15
$end
$mult
 1
$end
$sigma
 2
$end
$pressure
1.00000
$end
$scale
0.99
$end
$msrrho
$end
$freq
167.45
252.17
317.26
414.52
472.26
629.57
685.61
701.18
754.29
846.34
921.54
963.47
978.84
1021.33
1043.63
1087.06
1098.96
1185.06
1202.30
1318.22
1347.19
1479.01
1511.09
1619.67
1624.75
3171.69
3180.26
3193.42
3203.29
3205.58
$end
