
$molecule
 C     0.694368   0.593102  -0.304440
 C    -0.694891   0.623289   0.305257
 O     1.367559  -0.576687   0.161660
 H     1.248605   1.494618  -0.014315
 H     0.618640   0.581063  -1.400476
 H     2.228887  -0.631148  -0.263665
 C    -1.573197  -0.544226  -0.136987
 H    -0.593005   0.624813   1.394531
 H    -1.163720   1.573372   0.030277
 H    -2.558374  -0.494284   0.330642
 H    -1.717114  -0.536366  -1.220942
 H    -1.115449  -1.495977   0.133111
$end
$temperature
298.15
$end
$mult
 1
$end
$sigma
 1
$end
$pressure
1.00000
$end
$scale
0.99
$end
$msrrho
$end
$freq
142.36
223.41
237.98
327.53
478.90
776.55
864.97
928.89
981.95
1062.75
1116.22
1159.45
1244.89
1270.35
1324.08
1383.92
1410.82
1448.51
1478.78
1494.76
1508.38
1520.20
2968.73
2996.51
3025.62
3027.45
3054.21
3085.48
3109.88
3814.84
$end
