
$molecule
 C     0.000000   0.051763  -0.201912
 C    -1.258051  -0.672305   0.297848
 C     1.258051  -0.672305   0.297848
 C    -2.571253  -0.159011  -0.288918
 C     2.571253  -0.159011  -0.288917
 C     0.000000   1.529574   0.194570
 H     0.000000  -0.005149  -1.299078
 H    -1.158414  -1.736980   0.063707
 H     1.158415  -1.736980   0.063707
 H    -1.293040  -0.604233   1.391499
 H     1.293041  -0.604233   1.391499
 H    -3.412849  -0.769533   0.044496
 H     3.412850  -0.769532   0.044496
 H    -2.550292  -0.191407  -1.381657
 H     2.550294  -0.191406  -1.381657
 H    -2.777722   0.870435   0.008153
 H     2.777724   0.870435   0.008154
 H     0.000001   1.632695   1.284260
 H    -0.877832   2.050117  -0.189642
 H     0.877833   2.050117  -0.189642
$end
$temperature
298.15
$end
$mult
 1
$end
$sigma
 1
$end
$pressure
1.00000
$end
$scale
0.99
$end
$msrrho
$end
$freq
81.76
84.33
200.83
208.02
229.15
268.29
323.41
388.87
440.33
458.53
771.16
775.98
825.17
886.59
964.36
974.64
995.74
1032.61
1060.72
1063.48
1177.67
1177.75
1203.09
1282.95
1308.88
1318.40
1372.40
1382.61
1386.49
1412.49
1412.94
1416.33
1481.12
1490.12
1495.53
1498.40
1499.19
1507.35
1508.61
1517.36
2973.44
2999.36
3007.00
3023.11
3024.48
3026.57
3030.25
3039.00
3082.14
3082.77
3086.10
3090.99
3096.47
3104.76
$end
