
$molecule
 C    -2.089715  -0.000313   0.110862
 C    -0.768274  -0.652324  -0.289714
 C     0.479991  -0.007481   0.327467
 H    -2.938385  -0.551567  -0.298985
 H    -2.162747   1.027123  -0.249663
 H    -2.201737   0.020715   1.198317
 H    -0.667106  -0.638693  -1.381387
 H    -0.790375  -1.707989  -0.000681
 H     0.349608  -0.013454   1.417234
 C     0.662994   1.445024  -0.116820
 C     1.726430  -0.830291  -0.001906
 H     0.762849   1.503933  -1.205049
 H     1.564910   1.876625   0.322777
 H    -0.179564   2.072841   0.176004
 H     1.897357  -0.856301  -1.082265
 H     2.617939  -0.405056   0.464477
 H     1.624623  -1.861635   0.343544
$end
$temperature
298.15
$end
$mult
 1
$end
$sigma
 1
$end
$pressure
1.00000
$end
$scale
0.99
$end
$msrrho
$end
$freq
96.46
214.96
226.38
260.34
269.21
367.54
417.19
458.95
768.80
802.35
917.30
932.39
967.57
988.73
1028.88
1047.68
1171.13
1197.21
1207.39
1300.85
1331.75
1372.18
1384.59
1401.17
1413.51
1421.69
1481.70
1488.40
1495.52
1499.76
1503.83
1507.73
1513.77
2983.41
3002.71
3016.24
3022.00
3025.71
3033.79
3073.07
3079.33
3082.91
3084.95
3090.58
3099.31
$end
