
$molecule
 C     0.534499  -0.216399  -0.000000
 C     0.026963   1.089490  -0.000000
 C    -0.378723  -1.276143  -0.000000
 C    -1.338823   1.320972  -0.000000
 C    -1.748560  -1.046488  -0.000000
 C    -2.234872   0.254296   0.000000
 H     0.706422   1.931609  -0.000000
 H    -0.004088  -2.293084  -0.000000
 H    -1.710098   2.338246  -0.000000
 H    -2.435036  -1.883841   0.000000
 H    -3.301526   0.438968   0.000000
 C     1.970383  -0.517258  -0.000000
 C     2.980006   0.352279   0.000000
 H     2.208438  -1.577307  -0.000000
 H     4.006295   0.010464   0.000000
 H     2.828603   1.424434   0.000000
$end
$temperature
298.15
$end
$mult
 1
$end
$sigma
 1
$end
$pressure
1.00000
$end
$scale
0.99
$end
$msrrho
$end
$freq
38.76
205.46
238.68
410.78
447.06
451.66
563.84
637.31
654.45
708.38
792.65
798.46
848.56
927.33
935.48
955.21
972.70
1021.79
1027.28
1044.90
1059.23
1114.30
1184.91
1207.07
1232.02
1322.81
1349.23
1367.30
1457.80
1488.82
1533.65
1619.43
1645.41
1691.88
3133.28
3148.33
3160.86
3167.91
3177.82
3187.10
3194.57
3226.88
$end
