
$molecule
 C     0.000000   1.390813  -0.000000
 H    -0.000000   2.473694   0.000000
 C     1.204483   0.695407  -0.000000
 H     2.142284   1.236849  -0.000000
 C     1.204483  -0.695407  -0.000000
 H     2.142284  -1.236849  -0.000000
 C    -0.000000  -1.390813   0.000000
 H    -0.000000  -2.473694   0.000000
 C    -1.204483  -0.695407  -0.000000
 H    -2.142284  -1.236849  -0.000000
 C    -1.204483   0.695407   0.000000
 H    -2.142284   1.236849  -0.000000
$end
$temperature
298.15
$end
$mult
 1
$end
$sigma
12
$end
$pressure
1.00000
$end
$scale
0.99
$end
$msrrho
$end
$freq
411.81
411.82
624.60
624.61
687.13
716.20
860.82
860.82
961.34
961.35
990.81
1018.13
1030.21
1061.98
1062.02
1177.18
1199.98
1200.02
1336.88
1387.61
1517.84
1517.84
1637.13
1637.15
3159.86
3169.45
3169.46
3184.94
3184.94
3194.90
$end
