
$molecule
 C    -1.817417  -0.065956  -0.287182
 C    -0.688715  -0.180615   0.401210
 C     0.570734   0.585326   0.134388
 H    -1.906583   0.628825  -1.115611
 H    -2.692746  -0.657243  -0.049188
 H    -0.642507  -0.893472   1.222356
 H     0.827295   1.174593   1.022356
 H     0.400259   1.297935  -0.677096
 C     1.752071  -0.328668  -0.209777
 H     2.663920   0.250983  -0.366178
 H     1.549435  -0.898646  -1.118566
 H     1.943216  -1.042640   0.594972
$end
$temperature
298.15
$end
$mult
 1
$end
$sigma
 1
$end
$pressure
1.00000
$end
$scale
0.99
$end
$msrrho
$end
$freq
107.65
230.56
319.66
435.62
656.33
800.28
861.15
947.58
992.74
1021.95
1033.94
1096.44
1203.17
1291.82
1325.40
1348.33
1409.65
1458.68
1483.81
1496.94
1506.11
1708.17
3005.56
3027.34
3048.58
3088.73
3095.12
3114.99
3129.35
3210.56
$end
