
$molecule
 C     0.177337   0.020285   0.000000
 C    -0.542554   1.216103   0.000000
 C    -0.500637  -1.199917   0.000000
 C    -1.928592   1.191695  -0.000000
 C    -1.888514  -1.219499  -0.000000
 C    -2.602693  -0.026032  -0.000000
 H     0.002150   2.150266   0.000000
 H     0.060436  -2.123226   0.000000
 H    -2.485059   2.120044  -0.000000
 H    -2.413765  -2.165897  -0.000000
 H    -3.685331  -0.044491  -0.000000
 C     1.658610   0.098569   0.000001
 O     2.297769   1.122474  -0.000000
 O     2.255957  -1.118623  -0.000000
 H     3.211261  -0.953771  -0.000001
$end
$temperature
298.15
$end
$mult
 1
$end
$sigma
 1
$end
$pressure
1.00000
$end
$scale
0.99
$end
$msrrho
$end
$freq
63.65
157.64
218.61
385.89
414.27
435.76
498.47
589.33
634.51
641.18
704.78
729.60
779.02
826.48
865.62
959.52
983.76
999.18
1025.28
1050.32
1093.13
1117.79
1187.07
1190.44
1211.76
1342.64
1355.83
1370.63
1487.77
1530.31
1626.05
1646.42
1785.91
3170.38
3182.50
3192.01
3205.97
3213.80
3737.88
$end
