
$molecule
 C     0.478020  -0.242403  -0.000000
 C     0.031441   1.078126  -0.000000
 C    -0.447919  -1.288594  -0.000000
 C    -1.337427   1.338927   0.000000
 C    -1.804352  -1.012872  -0.000000
 C    -2.260446   0.304370   0.000000
 H     0.729987   1.901724  -0.000000
 H    -0.079037  -2.305847   0.000000
 H    -1.676115   2.367583   0.000000
 H    -2.512841  -1.831842  -0.000000
 H    -3.321378   0.516522   0.000000
 O     1.789475  -0.610164   0.000000
 C     2.773075   0.409250   0.000000
 H     3.734018  -0.100247  -0.000000
 H     2.696606   1.038522   0.892131
 H     2.696606   1.038522  -0.892131
$end
$temperature
298.15
$end
$mult
 1
$end
$sigma
 1
$end
$pressure
1.00000
$end
$scale
0.99
$end
$msrrho
$end
$freq
93.27
208.63
260.40
272.17
424.21
450.24
519.10
562.53
632.06
701.01
764.59
802.77
827.93
896.05
948.72
959.85
1017.03
1046.16
1071.44
1106.57
1173.08
1181.16
1198.14
1205.58
1279.46
1338.25
1362.58
1476.38
1491.98
1492.78
1507.39
1534.47
1628.27
1646.32
3004.09
3058.45
3130.98
3167.26
3174.41
3190.26
3197.20
3211.05
$end
