
$molecule
 O     0.498981  -0.461012  -0.000005
 C     1.797466   0.086469  -0.000006
 C    -0.515251   0.527023  -0.000001
 C    -1.864110  -0.159292  -0.000006
 H     2.502445  -0.744045  -0.000010
 H     1.973444   0.704959   0.890678
 H     1.973440   0.704965  -0.890686
 H    -0.407444   1.171091   0.885534
 H    -0.407443   1.171100  -0.885529
 H    -2.666575   0.581130  -0.000002
 H    -1.973291  -0.788690   0.884551
 H    -1.973291  -0.788680  -0.884571
$end
$temperature
298.15
$end
$mult
 1
$end
$sigma
 1
$end
$pressure
1.00000
$end
$scale
0.99
$end
$msrrho
$end
$freq
113.50
208.85
260.29
288.66
467.06
826.56
864.69
1029.76
1115.91
1148.59
1165.52
1196.43
1233.57
1298.39
1400.45
1424.99
1476.34
1482.65
1485.66
1498.31
1504.27
1527.92
2949.47
2967.92
2971.18
3004.90
3037.48
3102.26
3106.49
3108.89
$end
