
$molecule
 H    -0.000000   1.802975   5.561471
 C    -0.000000   1.046499   4.786962
 C     0.000000  -0.301631   5.141253
 C     0.000000   1.428365   3.449780
 H     0.000000  -0.580636   6.187247
 C    -0.000000  -1.292906   4.161132
 H    -0.000000   2.477409   3.180729
 C    -0.000000   0.440811   2.470437
 H    -0.000000  -2.339034   4.443600
 C     0.000000  -0.918624   2.828541
 C    -0.000000   0.538078   1.009824
 C    -0.000000  -1.780826   1.587807
 C    -0.000000   1.643090   0.166108
 C    -0.000000  -0.761137   0.473322
 H     0.878266  -2.432057   1.542095
 H    -0.878266  -2.432057   1.542095
 H    -0.000000   2.649619   0.565238
 C     0.000000   1.448785  -1.210785
 C    -0.000000  -0.964379  -0.895367
 H     0.000000   2.293906  -1.884457
 C     0.000000   0.155108  -1.722179
 H    -0.000000  -1.959149  -1.320284
Br    -0.000000  -0.092869  -3.617386
$end
$temperature
298.15
$end
$mult
 1
$end
$sigma
 1
$end
$pressure
1.00000
$end
$scale
0.99
$end
$msrrho
$end
$freq
53.97
131.54
138.05
172.93
221.74
242.59
307.49
319.67
426.00
438.41
480.45
501.23
514.81
562.11
581.97
654.67
674.87
711.01
745.98
767.91
784.40
833.93
839.51
873.41
874.40
887.46
930.41
945.27
963.22
970.43
1032.08
1052.52
1083.92
1125.93
1149.74
1164.55
1181.23
1192.75
1207.91
1223.87
1254.83
1306.36
1329.17
1335.62
1374.68
1444.50
1449.07
1485.96
1502.27
1511.82
1607.07
1622.77
1639.91
1651.53
3029.11
3053.32
3163.18
3169.39
3176.82
3180.57
3190.37
3192.37
3203.91
$end
