
$molecule
 H     0.000000  -1.894008  -0.852261
 O     0.000000  -1.548143   0.053580
 C    -0.000000  -0.202619   0.009965
 C    -0.000000   0.522863   1.206607
 C    -0.000000   0.529524  -1.182317
Br    -0.000000  -0.418919   2.858009
 C     0.000000   1.908911   1.206461
Br     0.000000  -0.440721  -2.833006
 C    -0.000000   1.914557  -1.198386
 H     0.000000   2.436389   2.149707
 C    -0.000000   2.606211   0.004887
 H    -0.000000   2.440688  -2.142257
 H     0.000000   3.687617   0.006665
$end
$temperature
298.15
$end
$mult
 1
$end
$sigma
 1
$end
$pressure
1.00000
$end
$scale
0.99
$end
$msrrho
$end
$freq
85.97
139.04
192.24
256.07
269.42
271.62
327.60
437.19
504.95
530.06
554.49
587.24
726.99
728.37
776.71
849.36
913.20
949.65
1070.18
1097.22
1161.81
1195.74
1274.45
1301.30
1363.23
1476.28
1496.55
1605.39
1616.43
3189.17
3204.73
3211.23
3694.59
$end
