
$molecule
 H     0.000000  -0.985690  -5.312815
 C     0.000000  -1.215423  -4.250324
 C    -0.000000   0.080960  -3.470864
 H    -0.880453  -1.814816  -4.007222
 H     0.880453  -1.814815  -4.007222
 C    -0.000000   0.018489  -1.976316
 O     0.000000   1.150782  -4.044626
 C    -0.000000  -1.187843  -1.273679
 C    -0.000000   1.217604  -1.258326
 H    -0.000000  -2.130733  -1.802868
 C    -0.000000  -1.203920   0.114625
 H    -0.000000   2.147821  -1.810138
 C     0.000000   1.218234   0.125987
 H    -0.000000  -2.139567   0.655421
 C     0.000000   0.002184   0.801302
 H     0.000000   2.147246   0.678405
Br     0.000000  -0.008253   2.706523
$end
$temperature
298.15
$end
$mult
 1
$end
$sigma
 1
$end
$pressure
1.00000
$end
$scale
0.99
$end
$msrrho
$end
$freq
57.32
75.59
155.27
159.96
243.04
247.39
286.63
416.11
423.37
470.63
499.47
598.54
616.83
644.47
736.91
764.51
838.35
859.12
961.47
963.97
999.35
1032.79
1048.92
1085.91
1097.13
1135.85
1204.61
1279.62
1323.74
1333.39
1387.06
1430.78
1469.92
1478.55
1519.87
1604.63
1626.41
1750.36
3037.38
3092.35
3146.77
3192.98
3195.96
3207.74
3209.23
$end
