
$molecule
 H     0.746686   1.293283  -2.551334
 C     0.727285   1.259696  -1.457315
 C     0.000002  -0.000000  -1.016948
 H     1.755202   1.270477  -1.096273
 H     0.222649   2.155286  -1.096287
 C     0.727285  -1.259696  -1.457315
 C    -1.454567   0.000000  -1.457308
Br    -0.000012   0.000000   1.007751
 H     0.222649  -2.155286  -1.096287
 H     1.755202  -1.270477  -1.096273
 H     0.746686  -1.293283  -2.551334
 H    -1.977854   0.884817  -1.096268
 H    -1.977854  -0.884817  -1.096268
 H    -1.493358   0.000000  -2.551326
$end
$temperature
298.15
$end
$mult
 1
$end
$sigma
 1
$end
$pressure
1.00000
$end
$scale
0.99
$end
$msrrho
$end
$freq
238.71
267.14
267.16
292.13
292.14
296.05
396.55
396.56
510.72
806.53
938.04
938.05
979.80
1051.80
1051.80
1171.98
1259.54
1259.56
1406.90
1406.91
1432.90
1468.38
1484.72
1484.73
1494.73
1494.73
1514.76
3020.70
3020.70
3030.19
3091.91
3091.91
3098.05
3119.89
3124.14
3124.15
$end
