
$molecule
 H    -1.446646  -2.707216  -0.222018
 C    -0.535833  -2.154670   0.028295
 C    -0.710062  -0.703348  -0.368264
 H    -0.363803  -2.247704   1.101524
 H     0.300304  -2.615034  -0.496113
 C    -1.856336  -0.009928   0.347376
Br     1.007516   0.263015  -0.013426
 H    -0.817130  -0.604493  -1.447445
 C    -2.152586   1.406640  -0.129870
 H    -2.740678  -0.639260   0.188339
 H    -1.660775  -0.018512   1.423068
 H    -3.024433   1.812317   0.385889
 H    -1.307892   2.069540   0.058165
 H    -2.360531   1.423423  -1.202646
$end
$temperature
298.15
$end
$mult
 1
$end
$sigma
 1
$end
$pressure
1.00000
$end
$scale
0.99
$end
$msrrho
$end
$freq
112.82
196.22
230.74
248.66
290.48
351.69
454.97
527.82
795.62
848.32
972.65
1010.60
1035.27
1077.78
1126.56
1174.95
1239.17
1310.62
1329.76
1395.50
1415.39
1417.59
1473.94
1486.49
1495.48
1497.21
1506.14
3002.28
3026.55
3032.54
3050.59
3082.94
3091.61
3098.13
3110.57
3122.51
$end
