
$molecule
 H    -0.000000  -0.993211  -4.963601
 O    -0.000000  -1.142720  -4.005680
 C     0.000000   0.081390  -3.424964
 C    -0.000000   0.020138  -1.943544
 O     0.000000   1.099166  -4.073172
 C     0.000000  -1.189921  -1.248715
 C     0.000000   1.222545  -1.235658
 H     0.000000  -2.122503  -1.794227
 C     0.000000  -1.201088   0.138390
 H     0.000000   2.152815  -1.787039
 C    -0.000000   1.222974   0.149687
 H     0.000000  -2.135463   0.681217
 C    -0.000000   0.007185   0.823767
 H    -0.000000   2.152229   0.701225
Br    -0.000000  -0.002137   2.728748
$end
$temperature
298.15
$end
$mult
 1
$end
$sigma
 1
$end
$pressure
1.00000
$end
$scale
0.99
$end
$msrrho
$end
$freq
65.54
77.14
155.65
248.16
248.81
285.37
417.61
464.65
474.44
509.16
588.13
644.43
665.23
711.78
780.66
789.82
849.93
873.16
981.54
994.21
1034.86
1087.04
1103.66
1134.81
1190.14
1213.48
1323.33
1335.81
1371.72
1432.07
1521.87
1608.34
1631.95
1786.92
3198.33
3201.26
3211.25
3217.10
3737.41
$end
