
$molecule
 H    -0.000000   1.535459   0.612089
 C     0.000000   0.467417   0.759213
 C    -0.000000  -0.096055   2.035022
 C    -0.000000  -0.380439  -0.342779
 O    -0.000000   0.629778   3.182529
 C    -0.000000  -1.485359   2.186431
Br     0.000000   0.399771  -2.089019
 C    -0.000000  -1.757932  -0.217257
 C    -0.000000   2.045534   3.087793
 H    -0.000000  -1.898692   3.185778
 C     0.000000  -2.298634   1.067930
 H    -0.000000  -2.392715  -1.090903
 H     0.000000   2.413460   4.110922
 H    -0.892635   2.409441   2.570555
 H     0.892635   2.409441   2.570555
 H     0.000000  -3.374305   1.190228
$end
$temperature
298.15
$end
$mult
 1
$end
$sigma
 1
$end
$pressure
1.00000
$end
$scale
0.99
$end
$msrrho
$end
$freq
94.12
153.55
157.32
214.62
272.23
308.10
318.82
451.68
460.18
563.89
581.70
676.98
695.45
786.80
854.02
867.18
892.97
958.86
1013.47
1062.47
1090.13
1119.35
1172.85
1185.84
1206.71
1278.28
1308.60
1353.46
1452.94
1478.92
1493.99
1505.44
1519.86
1608.56
1637.68
3008.96
3065.87
3136.67
3178.37
3201.22
3212.87
3229.36
$end
