
$molecule
 H    -3.460046  -1.073100  -0.291326
 C    -2.737744  -1.526750   0.392380
 C    -1.343477  -0.938273   0.197094
 H    -3.095299  -1.357539   1.411151
 H    -2.741509  -2.603477   0.214039
 C    -1.305778   0.567993   0.439320
 H    -0.637738  -1.427289   0.872397
 H    -0.992717  -1.146133  -0.819448
 C     0.045366   1.213166   0.215038
 H    -2.005917   1.061711  -0.247303
 H    -1.654350   0.794536   1.450800
Br     1.399398   0.620394   1.534369
 H     0.010633   2.292722   0.327470
 H     0.469982   0.959680  -0.753430
$end
$temperature
298.15
$end
$mult
 1
$end
$sigma
 1
$end
$pressure
1.00000
$end
$scale
0.99
$end
$msrrho
$end
$freq
77.73
111.48
230.30
253.89
272.70
462.40
556.59
749.34
808.75
877.59
928.95
1010.13
1060.63
1075.78
1117.10
1214.76
1248.10
1294.57
1330.03
1343.73
1404.33
1416.61
1473.60
1481.50
1494.26
1499.73
1509.68
2994.83
3015.15
3023.82
3048.20
3061.75
3085.79
3091.96
3092.91
3152.10
$end
