
$molecule
 H    -1.011451   1.936808  -0.896128
 C    -0.851334   1.731340   0.164860
 C    -0.594754   0.246264   0.344697
 H    -0.018091   2.336826   0.514382
 H    -1.744343   2.027594   0.712880
 C     0.667053  -0.269538  -0.355733
 C    -1.829387  -0.588044   0.042525
Br    -0.214520  -0.058599   2.322297
 C     1.953798   0.494437  -0.117187
Br     0.351949  -0.290995  -2.344053
 H     0.788315  -1.324629  -0.128444
 H    -1.630501  -1.651826   0.170046
 H    -2.140934  -0.416289  -0.988308
 H    -2.645901  -0.304938   0.704615
 H     2.778188   0.002192  -0.630170
 H     2.174417   0.521214   0.950329
 H     1.886937   1.516170  -0.487646
$end
$temperature
298.15
$end
$mult
 1
$end
$sigma
 1
$end
$pressure
1.00000
$end
$scale
0.99
$end
$msrrho
$end
$freq
70.96
167.66
176.95
229.50
249.74
258.20
286.91
296.00
306.06
310.79
393.98
495.21
523.78
611.50
761.65
931.51
953.08
1008.67
1018.63
1074.40
1107.04
1123.41
1189.72
1236.54
1266.79
1369.33
1410.10
1417.83
1427.04
1480.22
1482.27
1493.07
1495.10
1499.34
1510.51
3044.51
3051.04
3055.14
3112.00
3116.15
3118.18
3123.02
3127.53
3134.26
3139.48
$end
