
$molecule
 H    -0.355693  -0.882027   1.690067
 C     0.046616   0.133170   1.612643
 C    -0.895325   0.932156   0.736827
 C     1.482795   0.072648   1.136501
 H     0.051152   0.554094   2.623215
Br    -0.389615   2.840480   0.646786
 H    -0.891410   0.585645  -0.292124
 H    -1.907787   0.925791   1.127971
Br     1.649396  -0.831224  -0.613040
 H     1.907896   1.060924   0.990223
 H     2.104976  -0.504102   1.813500
$end
$temperature
298.15
$end
$mult
 1
$end
$sigma
 1
$end
$pressure
1.00000
$end
$scale
0.99
$end
$msrrho
$end
$freq
40.89
169.66
184.54
317.76
422.37
547.71
588.60
778.92
862.70
957.74
974.74
1091.27
1140.08
1145.07
1266.04
1270.69
1326.92
1389.76
1462.53
1477.38
1480.45
3020.89
3054.73
3107.78
3108.05
3168.13
3168.58
$end
