
$molecule
 H     0.000000  -1.086996   3.048265
 C     0.000000  -0.275167   2.336043
 C     0.000000   1.038127   2.794194
 C     0.000000  -0.547380   0.967238
 H     0.000000   1.225114   3.860313
 C    -0.000000   2.097083   1.899529
 O     0.000000  -1.792167   0.438001
 C     0.000000   0.532366   0.072802
 H    -0.000000   3.119323   2.253181
 C    -0.000000   1.837841   0.532383
 C    -0.000000  -2.904822   1.317556
Br     0.000000   0.198400  -1.802018
 H    -0.000000   2.648950  -0.182452
 H    -0.000000  -3.785187   0.679681
 H    -0.892913  -2.912658   1.949336
 H     0.892913  -2.912658   1.949337
$end
$temperature
298.15
$end
$mult
 1
$end
$sigma
 1
$end
$pressure
1.00000
$end
$scale
0.99
$end
$msrrho
$end
$freq
91.64
133.39
159.10
229.75
277.68
285.58
325.82
452.97
492.83
553.69
582.52
676.39
726.70
758.27
811.05
854.43
933.93
949.95
1047.17
1059.60
1082.61
1151.31
1172.88
1189.34
1207.49
1284.93
1306.00
1333.00
1468.74
1484.31
1494.06
1504.44
1520.20
1611.72
1630.85
3009.63
3066.91
3138.17
3176.38
3190.70
3203.26
3212.33
$end
