
$molecule
 H    -0.775749  -0.396757  -1.215356
 C    -0.235359   0.303847  -0.584480
 C     0.208518  -0.366147   0.693605
 C    -0.993224   1.600629  -0.407642
Br     1.445122   0.653563  -1.611893
Br    -1.358803  -1.014982   1.716210
 H     0.733471   0.318516   1.353162
 H     0.810314  -1.247909   0.506824
 H    -0.409428   2.316020   0.173120
 H    -1.926956   1.403175   0.122418
 H    -1.228984   2.046285  -1.372452
$end
$temperature
298.15
$end
$mult
 1
$end
$sigma
 1
$end
$pressure
1.00000
$end
$scale
0.99
$end
$msrrho
$end
$freq
97.53
173.18
184.00
246.83
292.95
402.53
556.65
641.58
849.82
908.74
1020.32
1054.48
1141.38
1180.23
1242.42
1261.03
1378.12
1417.89
1476.75
1490.16
1496.39
3043.50
3102.86
3110.94
3120.81
3131.93
3183.74
$end
