
$molecule
 H    -0.000000  -2.064866  -0.600589
 O     0.000000  -2.182713   0.361328
 C    -0.000000  -0.967909   0.957321
 C    -0.000000   0.236913   0.251048
 C    -0.000000  -0.917808   2.351124
Br    -0.000000   0.172932  -1.663223
 C     0.000000   1.460046   0.904417
 H     0.000000  -1.853406   2.894532
 C     0.000000   0.301412   3.009450
 H     0.000000   2.374493   0.327724
 C    -0.000000   1.494235   2.292207
 H    -0.000000   0.320108   4.091578
 H     0.000000   2.446174   2.805633
$end
$temperature
298.15
$end
$mult
 1
$end
$sigma
 1
$end
$pressure
1.00000
$end
$scale
0.99
$end
$msrrho
$end
$freq
143.01
214.17
256.15
296.44
430.64
449.09
477.10
548.08
559.95
669.81
715.45
759.72
846.69
864.52
938.66
958.63
1038.45
1061.69
1139.47
1182.76
1215.82
1280.54
1328.25
1372.94
1494.22
1512.07
1623.00
1633.55
3177.70
3190.33
3198.03
3205.60
3702.09
$end
