
$molecule
 H    -0.000000   0.302699   5.475685
 C     0.000000   0.689578   4.459471
 O     0.000000  -0.445203   3.609260
 H    -0.892600   1.303231   4.304747
 H     0.892600   1.303231   4.304747
 C     0.000000  -0.244043   2.264955
 C    -0.000000  -1.396042   1.474428
 C    -0.000000   1.009004   1.654673
 H    -0.000000  -2.361684   1.962253
 C    -0.000000  -1.299512   0.094293
 H     0.000000   1.915923   2.240703
 C     0.000000   1.104815   0.264961
 H     0.000000  -2.193587  -0.513240
 C     0.000000  -0.044288  -0.505410
 H    -0.000000   2.077461  -0.206791
Br    -0.000000   0.090820  -2.411457
$end
$temperature
298.15
$end
$mult
 1
$end
$sigma
 1
$end
$pressure
1.00000
$end
$scale
0.99
$end
$msrrho
$end
$freq
72.42
129.45
179.17
237.02
264.52
314.99
325.78
425.97
488.08
516.95
609.54
646.52
720.24
811.58
816.60
845.24
941.65
960.24
1024.37
1064.14
1091.23
1133.26
1173.07
1198.78
1205.86
1280.52
1328.38
1331.48
1439.98
1476.92
1493.51
1505.54
1527.48
1615.67
1636.29
3006.56
3062.35
3135.21
3190.04
3196.22
3205.51
3215.43
$end
