
$molecule
 H    -0.000000  -0.832123   4.361521
 O    -0.000000   0.059389   3.995060
 C     0.000000  -0.001077   2.632181
 C     0.000000  -1.205148   1.933199
 C     0.000000   1.204904   1.935690
 H     0.000000  -2.147086   2.470553
 C    -0.000000  -1.206513   0.543418
 H    -0.000000   2.133817   2.489952
 C     0.000000   1.205556   0.549000
 H    -0.000000  -2.141903   0.001832
 C     0.000000  -0.000629  -0.140299
 H     0.000000   2.141182   0.007689
Br    -0.000000   0.002540  -2.050742
$end
$temperature
298.15
$end
$mult
 1
$end
$sigma
 1
$end
$pressure
1.00000
$end
$scale
0.99
$end
$msrrho
$end
$freq
110.74
220.56
291.96
311.88
337.51
422.50
422.64
512.08
611.66
649.81
713.25
810.48
838.12
843.61
930.19
959.96
1027.43
1087.76
1124.48
1189.29
1195.82
1289.34
1320.06
1355.92
1458.82
1526.02
1628.59
1641.69
3158.82
3191.98
3202.86
3206.65
3799.77
$end
