
$molecule
 H    -0.010593   1.091665   1.911852
 C     0.311333   0.062158   1.727494
 C     0.999270   0.026272   0.371978
 C    -0.936785  -0.826787   1.658888
 C     1.234396  -0.373811   2.862883
Br     2.482782   1.324625   0.215614
 H     1.447951  -0.944234   0.169388
 H     0.320305   0.288647  -0.434610
 H    -1.473297  -0.803157   2.609116
 H    -1.623284  -0.497571   0.876136
 H    -0.665798  -1.866604   1.456498
 H     2.114895   0.265095   2.927792
 H     1.572852  -1.402806   2.710322
 H     0.711647  -0.332484   3.820108
$end
$temperature
298.15
$end
$mult
 1
$end
$sigma
 1
$end
$pressure
1.00000
$end
$scale
0.99
$end
$msrrho
$end
$freq
101.97
188.38
219.96
246.68
301.27
392.93
416.85
651.87
815.02
864.96
935.69
954.27
970.94
1076.78
1127.50
1194.90
1237.78
1258.11
1346.42
1378.32
1403.01
1421.99
1474.79
1489.21
1493.66
1502.85
1511.28
3022.22
3022.73
3030.62
3082.27
3083.99
3088.68
3095.30
3111.38
3146.48
$end
