
$molecule
 C    -0.463961   0.127441   0.000000
 O     0.583986  -0.723038   0.000000
 O    -0.344095   1.325644   0.000000
 C    -1.767457  -0.623308   0.000000
 C     1.882858  -0.110901  -0.000000
 H     2.593712  -0.932831  -0.000000
 H     2.012565   0.508774   0.886934
 H     2.012565   0.508774  -0.886934
 H    -2.592855   0.083107  -0.000000
 H    -1.825974  -1.266564   0.879317
 H    -1.825974  -1.266564  -0.879317
$end
$temperature
298.15
$end
$mult
 1
$end
$sigma
 1
$end
$pressure
1.00000
$end
$scale
0.99
$end
$msrrho
$end
$freq
43.72
136.21
178.62
284.01
426.02
611.06
644.61
856.38
986.45
1068.49
1071.76
1174.71
1209.47
1266.44
1399.67
1469.79
1473.94
1476.79
1484.70
1497.97
1797.05
3051.16
3053.20
3110.50
3119.96
3152.84
3157.88
$end
