
$molecule
 C     2.548226  -0.331326  -0.000000
 C     1.277943   0.515084   0.000000
 C    -0.000000  -0.320731  -0.000000
 H     3.445211   0.291367  -0.000000
 H     2.590451  -0.976201  -0.881611
 H     2.590451  -0.976201   0.881611
 H     1.276449   1.173758  -0.875142
 H     1.276449   1.173758   0.875143
 C    -1.277943   0.515084  -0.000000
 H     0.000000  -0.980866  -0.875525
 H    -0.000000  -0.980866   0.875525
 C    -2.548226  -0.331326   0.000000
 H    -1.276449   1.173758  -0.875143
 H    -1.276449   1.173758   0.875142
 H    -3.445211   0.291367   0.000000
 H    -2.590451  -0.976201  -0.881611
 H    -2.590451  -0.976201   0.881611
$end
$temperature
298.15
$end
$mult
 1
$end
$sigma
 2
$end
$pressure
1.00000
$end
$scale
0.99
$end
$msrrho
$end
$freq
106.36
111.17
179.13
241.50
249.17
399.29
399.49
735.89
769.21
870.13
876.93
929.27
997.21
1041.45
1046.92
1078.70
1165.67
1210.80
1270.13
1298.53
1327.81
1334.06
1373.20
1400.45
1414.52
1414.59
1485.71
1488.24
1496.37
1498.30
1499.19
1505.44
1513.92
2993.96
3004.59
3010.76
3012.70
3021.39
3022.53
3028.89
3046.64
3079.28
3081.12
3085.66
3086.04
$end
