
$molecule
 C     3.207965   0.218702   0.000000
 C     1.884920  -0.542551  -0.000000
 C     0.664472   0.375385  -0.000000
 H     4.062136  -0.461559   0.000000
 H     3.292521   0.859416   0.881615
 H     3.292521   0.859416  -0.881615
 H     1.840296  -1.199712   0.875117
 H     1.840296  -1.199712  -0.875117
 H     0.708554   1.033775  -0.875527
 H     0.708554   1.033775   0.875527
 C    -0.664472  -0.375385  -0.000000
 C    -1.884920   0.542551  -0.000000
 C    -3.207965  -0.218702   0.000000
 H    -0.708554  -1.033775  -0.875527
 H    -0.708554  -1.033775   0.875527
 H    -1.840296   1.199712   0.875117
 H    -1.840296   1.199712  -0.875117
 H    -4.062136   0.461559   0.000000
 H    -3.292521  -0.859416   0.881615
 H    -3.292521  -0.859416  -0.881615
$end
$temperature
298.15
$end
$mult
 1
$end
$sigma
 2
$end
$pressure
1.00000
$end
$scale
0.99
$end
$msrrho
$end
$freq
73.04
98.31
131.72
147.86
239.24
250.39
298.29
368.16
468.63
734.64
749.65
811.20
892.13
910.19
911.55
1015.56
1017.35
1054.47
1072.44
1080.73
1162.34
1209.65
1255.56
1279.03
1310.89
1332.67
1338.05
1346.49
1392.46
1401.58
1412.93
1416.25
1485.28
1485.92
1492.04
1498.61
1498.84
1499.02
1507.90
1514.58
2993.50
2996.85
3007.75
3008.67
3012.58
3019.44
3021.83
3021.97
3035.80
3049.87
3079.72
3080.57
3085.67
3085.68
$end
