
$molecule
 C    -1.859919  -0.000000   0.010219
 H    -2.942505  -0.000000   0.015893
 C    -1.158908   1.200334   0.003619
 C    -1.158908  -1.200334   0.003619
 H    -1.694751   2.141508   0.003228
 H    -1.694751  -2.141508   0.003228
 C     0.230810   1.197324  -0.007437
 C     0.230810  -1.197324  -0.007437
 H     0.768958   2.138338  -0.016483
 H     0.768958  -2.138338  -0.016483
 C     0.946980   0.000000  -0.010123
 C     2.452054  -0.000000   0.011118
 H     2.828149  -0.000000   1.038514
 H     2.856319   0.883853  -0.484455
 H     2.856319  -0.883853  -0.484455
$end
$temperature
298.15
$end
$mult
 1
$end
$sigma
 1
$end
$pressure
1.00000
$end
$scale
0.99
$end
$msrrho
$end
$freq
25.96
207.92
345.42
414.39
475.84
531.09
639.62
709.32
742.91
803.47
854.30
905.79
955.08
972.93
1003.25
1024.38
1054.75
1064.79
1114.15
1183.56
1205.96
1234.40
1331.14
1361.63
1414.75
1472.29
1489.08
1504.43
1534.48
1627.50
1649.26
3024.58
3076.88
3103.54
3156.07
3157.55
3170.51
3178.72
3191.23
$end
