
$molecule
 C     0.000000   0.000000  -0.000000
 C     0.880713  -0.890346  -0.885503
 H     0.270704  -1.536636  -1.521447
 H     1.519945  -0.287310  -1.535081
 H     1.526822  -1.529796  -0.278981
 C    -0.890346   0.880713  -0.885503
 H    -1.536636   0.270704  -1.521447
 H    -1.529796   1.526823  -0.278981
 H    -0.287310   1.519945  -1.535081
 C     0.890320   0.890320   0.875870
 H     0.287265   1.536586   1.518432
 H     1.536586   0.287265   1.518432
 H     1.529792   1.529792   0.262373
 C    -0.880687  -0.880687   0.895136
 H    -0.270659  -1.519978   1.538096
 H    -1.519978  -0.270659   1.538096
 H    -1.526736  -1.526736   0.295586
$end
$temperature
298.15
$end
$mult
 1
$end
$sigma
 1
$end
$pressure
1.00000
$end
$scale
0.99
$end
$msrrho
$end
$freq
202.80
274.90
274.90
274.90
331.63
331.63
418.11
418.11
418.11
734.55
928.80
928.80
928.80
963.24
963.25
963.25
1089.38
1089.38
1276.23
1276.23
1276.23
1399.97
1399.97
1399.97
1438.89
1481.94
1481.94
1481.94
1489.97
1489.97
1516.20
1516.20
1516.20
3016.09
3016.09
3016.09
3027.65
3077.42
3077.42
3077.42
3078.60
3078.60
3085.52
3085.52
3085.53
$end
