
$molecule
 O     0.498980  -0.461102  -0.000006
 C     1.797438   0.086457  -0.000006
 C    -0.515217   0.526957  -0.000001
 C    -1.864109  -0.159282  -0.000006
 H     2.502530  -0.743947  -0.000010
 H     1.973380   0.704981   0.890646
 H     1.973377   0.704988  -0.890654
 H    -0.407415   1.171038   0.885511
 H    -0.407414   1.171047  -0.885507
 H    -2.666506   0.581203  -0.000002
 H    -1.973336  -0.788667   0.884542
 H    -1.973336  -0.788656  -0.884561
$end
$temperature
298.15
$end
$mult
 1
$end
$sigma
 1
$end
$pressure
1.00000
$end
$scale
0.99
$end
$msrrho
$end
$freq
113.43
208.64
260.18
288.66
467.07
826.51
864.70
1029.78
1115.90
1148.59
1165.49
1196.40
1233.55
1298.38
1400.44
1424.98
1476.34
1482.64
1485.66
1498.31
1504.28
1527.92
2949.58
2968.04
2971.27
3004.99
3037.56
3102.34
3106.59
3108.99
$end
