
$molecule
 C     0.000000   1.390813   0.000000
 H    -0.000000   2.473692   0.000000
 C     1.204483   0.695407   0.000000
 H     2.142282   1.236848  -0.000000
 C     1.204483  -0.695407  -0.000000
 H     2.142282  -1.236848   0.000000
 C    -0.000000  -1.390813   0.000000
 H    -0.000000  -2.473692   0.000000
 C    -1.204483  -0.695407  -0.000000
 H    -2.142282  -1.236848  -0.000000
 C    -1.204483   0.695407  -0.000000
 H    -2.142282   1.236848  -0.000000
$end
$temperature
298.15
$end
$mult
 1
$end
$sigma
 4
$end
$pressure
1.00000
$end
$scale
0.99
$end
$msrrho
$end
$freq
411.82
411.83
624.61
624.61
687.12
716.25
860.81
860.81
961.37
961.37
990.83
1018.13
1030.21
1061.98
1062.01
1177.18
1199.98
1200.02
1336.88
1387.60
1517.84
1517.84
1637.13
1637.15
3159.88
3169.46
3169.47
3184.95
3184.95
3194.92
$end
