
$molecule
 C    -2.089632  -0.000266   0.110907
 C    -0.768261  -0.652323  -0.289746
 C     0.479991  -0.007519   0.327409
 H    -2.938303  -0.551589  -0.298890
 H    -2.162754   1.027158  -0.249642
 H    -2.201668   0.020796   1.198370
 H    -0.667218  -0.638629  -1.381438
 H    -0.790425  -1.708007  -0.000748
 H     0.349619  -0.013446   1.417194
 C     0.662945   1.444947  -0.116885
 C     1.726429  -0.830284  -0.001885
 H     0.762752   1.503981  -1.205119
 H     1.564874   1.876574   0.322695
 H    -0.179612   2.072744   0.176004
 H     1.897621  -0.856199  -1.082213
 H     2.617858  -0.405106   0.464744
 H     1.624580  -1.861675   0.343455
$end
$temperature
298.15
$end
$mult
 1
$end
$sigma
 1
$end
$pressure
1.00000
$end
$scale
0.99
$end
$msrrho
$end
$freq
96.59
215.11
226.52
260.44
269.27
367.56
417.22
458.98
768.88
802.41
917.38
932.44
967.65
988.78
1028.95
1047.72
1171.18
1197.25
1207.41
1300.88
1331.80
1372.22
1384.65
1401.23
1413.55
1421.74
1481.71
1488.42
1495.54
1499.78
1503.85
1507.74
1513.79
2983.27
3002.62
3016.15
3021.92
3025.63
3033.71
3072.96
3079.22
3082.78
3084.80
3090.50
3099.25
$end
