
$molecule
 C     0.000000   0.576358  -0.000000
 C     1.271496  -0.269063  -0.000000
 C    -1.271496  -0.269063  -0.000000
 H    -0.000000   1.234093   0.874762
 H    -0.000000   1.234093  -0.874762
 H     2.168395   0.353877   0.000000
 H     1.313221  -0.914217   0.881627
 H     1.313221  -0.914217  -0.881628
 H    -2.168395   0.353877  -0.000000
 H    -1.313221  -0.914217  -0.881627
 H    -1.313221  -0.914217   0.881628
$end
$temperature
298.15
$end
$mult
 1
$end
$sigma
 2
$end
$pressure
1.00000
$end
$scale
0.99
$end
$msrrho
$end
$freq
220.81
272.09
370.38
755.07
874.30
913.99
934.52
1059.32
1179.20
1216.46
1318.39
1370.76
1404.55
1422.32
1489.31
1491.09
1496.13
1506.61
1512.49
3015.62
3018.69
3022.45
3034.68
3072.91
3084.35
3084.55
3087.05
$end
