
$molecule
 C     3.825226  -0.357954  -0.000000
 C     2.554896   0.488341  -0.000000
 C     1.276950  -0.347651   0.000000
 H     4.722154   0.264854  -0.000000
 H     3.867612  -1.002838   0.881611
 H     3.867612  -1.002838  -0.881611
 H     2.553421   1.147017   0.875120
 H     2.553421   1.147017  -0.875120
 H     1.277754  -1.007527  -0.875488
 H     1.277754  -1.007527   0.875488
 C    -0.000000   0.488778   0.000000
 C    -1.276950  -0.347651   0.000000
 H    -0.000000   1.148392   0.875515
 H    -0.000000   1.148392  -0.875515
 C    -2.554896   0.488341   0.000000
 C    -3.825226  -0.357954  -0.000000
 H    -1.277754  -1.007527   0.875488
 H    -1.277754  -1.007527  -0.875488
 H    -2.553421   1.147017  -0.875120
 H    -2.553421   1.147017   0.875120
 H    -4.722154   0.264854  -0.000000
 H    -3.867612  -1.002838  -0.881611
 H    -3.867612  -1.002838   0.881611
$end
$temperature
298.15
$end
$mult
 1
$end
$sigma
 2
$end
$pressure
1.00000
$end
$scale
0.99
$end
$msrrho
$end
$freq
62.26
73.26
99.54
139.56
142.73
244.19
246.21
246.43
302.65
419.85
484.04
734.18
741.28
777.18
850.46
884.27
920.73
942.46
999.29
1030.87
1040.75
1069.49
1069.61
1092.48
1160.23
1208.92
1245.20
1265.66
1295.56
1324.62
1327.21
1333.90
1339.76
1373.34
1400.52
1401.88
1413.68
1415.57
1484.59
1485.13
1489.23
1494.36
1498.68
1498.74
1501.94
1509.47
1515.15
2993.60
2994.19
3000.64
3008.04
3008.72
3013.05
3013.97
3021.63
3022.12
3026.79
3040.32
3052.20
3079.92
3080.36
3085.54
3085.70
$end
