
$molecule
 C    -3.028258  -0.000000   0.000000
 H    -4.110426   0.000000   0.000000
 C    -2.330799   1.202466  -0.000000
 C    -2.330799  -1.202466  -0.000000
 H    -2.866756   2.143089  -0.000000
 H    -2.866756  -2.143089  -0.000000
 C    -0.940293   1.210615  -0.000000
 C    -0.940293  -1.210615  -0.000000
 H    -0.392640   2.142469  -0.000000
 H    -0.392640  -2.142469  -0.000000
 C    -0.261404   0.000000   0.000000
Br     1.649753  -0.000000   0.000000
$end
$temperature
298.15
$end
$mult
 1
$end
$sigma
 2
$end
$pressure
1.00000
$end
$scale
0.99
$end
$msrrho
$end
$freq
167.45
252.17
317.26
414.52
472.26
629.57
685.61
701.19
754.28
846.34
921.53
963.46
978.83
1021.33
1043.64
1087.05
1098.96
1185.06
1202.30
1318.22
1347.20
1479.01
1511.09
1619.68
1624.76
3171.69
3180.27
3193.42
3203.30
3205.59
$end
