
$molecule
 C     1.698627  -0.107552   0.000002
 C     0.205062  -0.016873   0.000001
 C    -0.534934  -1.202919   0.000000
 C    -1.919741  -1.166799  -0.000000
 C    -2.585219   0.056679  -0.000001
 C    -1.859479   1.241830   0.000000
 C    -0.470774   1.205460   0.000001
 H     0.001880  -2.141808   0.000001
 H    -2.484751  -2.090284  -0.000001
 H    -3.667643   0.085016  -0.000001
 H    -2.374380   2.194038  -0.000000
 H     0.081972   2.134837   0.000001
 O     2.255537  -1.186542  -0.000001
 C     2.503202   1.174297  -0.000000
 H     3.561100   0.923919  -0.000002
 H     2.271305   1.778323   0.880217
 H     2.271302   1.778321  -0.880217
$end
$temperature
298.15
$end
$mult
 1
$end
$sigma
 1
$end
$pressure
1.00000
$end
$scale
0.99
$end
$msrrho
$end
$freq
55.39
151.65
160.71
221.04
368.15
412.52
430.33
466.66
598.29
602.42
634.80
704.98
745.53
777.10
863.08
943.29
959.74
977.92
999.92
1024.53
1048.58
1049.64
1096.76
1109.74
1186.34
1203.46
1279.24
1339.30
1356.17
1387.55
1470.02
1478.46
1485.11
1527.76
1623.11
1642.05
1749.71
3037.67
3092.80
3145.62
3168.50
3179.05
3189.27
3200.04
3204.07
$end
