
$molecule
 C     0.534509  -0.216332  -0.000000
 C     0.026926   1.089539  -0.000000
 C    -0.378697  -1.276094   0.000000
 C    -1.338864   1.320974  -0.000000
 C    -1.748539  -1.046488   0.000000
 C    -2.234886   0.254276   0.000000
 H     0.706346   1.931699  -0.000000
 H    -0.004030  -2.293025  -0.000000
 H    -1.710186   2.338231  -0.000000
 H    -2.434990  -1.883862   0.000000
 H    -3.301545   0.438927   0.000000
 C     1.970391  -0.517235  -0.000000
 C     2.980074   0.352214   0.000000
 H     2.208348  -1.577308  -0.000000
 H     4.006342   0.010343   0.000000
 H     2.828684   1.424378   0.000000
$end
$temperature
298.15
$end
$mult
 1
$end
$sigma
 1
$end
$pressure
1.00000
$end
$scale
0.99
$end
$msrrho
$end
$freq
38.68
205.47
238.65
410.78
447.07
451.66
563.84
637.31
654.45
708.38
792.64
798.45
848.58
927.34
935.48
955.19
972.68
1021.79
1027.31
1044.91
1059.24
1114.30
1184.92
1207.08
1232.01
1322.82
1349.25
1367.31
1457.79
1488.82
1533.65
1619.43
1645.42
1691.92
3133.25
3148.30
3160.85
3167.89
3177.80
3187.06
3194.55
3226.87
$end
