
$molecule
 C     0.652423   0.850706  -0.237526
 C     1.627424   0.849586   0.931634
 O     1.180192   1.466780  -1.407774
 H    -0.238798   1.428172   0.017526
 H     0.324926  -0.175882  -0.452636
 H     1.970018   0.984711  -1.676445
 C     1.021699   0.240807   2.194249
 H     2.525340   0.288733   0.646187
 H     1.946901   1.878146   1.120019
 H     1.737494   0.243882   3.017715
 H     0.141385   0.801755   2.517667
 H     0.711857  -0.793915   2.027288
$end
$temperature
298.15
$end
$mult
 1
$end
$sigma
 1
$end
$pressure
1.00000
$end
$scale
0.99
$end
$msrrho
$end
$freq
132.65
224.67
260.27
300.43
459.70
764.07
889.80
895.81
1026.86
1064.91
1095.99
1144.14
1248.67
1317.23
1335.30
1382.94
1411.53
1424.29
1489.51
1499.89
1502.73
1516.79
2973.87
3003.39
3026.16
3047.93
3068.44
3085.99
3094.47
3793.05
$end
