
$molecule
 C     0.005534  -0.021029   0.370376
 C     1.312314  -0.637414  -0.112053
 C    -1.211514  -0.795614  -0.100178
 H     2.171535  -0.054261   0.230856
 H     1.428378  -1.654272   0.269948
 H     1.333859  -0.670615  -1.203510
 H    -2.126391  -0.315831   0.249045
 H    -1.236502  -0.829731  -1.191516
 H    -1.186730  -1.818354   0.280262
 H     0.007603   0.001327   1.469448
 O    -0.148133   1.314460  -0.124623
 H     0.626147   1.827629   0.130880
$end
$temperature
298.15
$end
$mult
 1
$end
$sigma
 1
$end
$pressure
1.00000
$end
$scale
0.99
$end
$msrrho
$end
$freq
218.97
263.83
293.76
364.52
416.60
484.57
822.41
932.89
950.17
960.97
1085.99
1157.12
1187.78
1277.63
1374.90
1393.62
1411.77
1426.18
1481.71
1486.00
1496.00
1506.90
2961.76
3020.53
3035.77
3080.09
3093.62
3102.33
3109.25
3796.36
$end
