
$molecule
 C    -0.000022   0.020582  -0.240352
 C    -1.260678  -0.750191   0.175910
 C     1.254883  -0.757273   0.180088
 C    -2.571946  -0.173391  -0.353253
 C     2.571131  -0.187859  -0.344695
 C     0.003069   1.446552   0.313916
 H     0.001975   0.082851  -1.337231
 H    -1.163156  -1.783303  -0.172658
 H     1.152710  -1.789820  -0.168823
 H    -1.297390  -0.801590   1.270414
 H     1.287664  -0.808880   1.274707
 H    -3.415280  -0.813768  -0.086911
 H     3.409958  -0.832969  -0.075559
 H    -2.550685  -0.089330  -1.443230
 H     2.553972  -0.103678  -1.434735
 H    -2.775964   0.819097   0.051747
 H     2.779375   0.803466   0.061004
 H     0.001206   1.431349   1.408369
 H    -0.872634   2.008104  -0.013243
 H     0.883001   2.003167  -0.010324
$end
$temperature
298.15
$end
$mult
 1
$end
$sigma
 1
$end
$pressure
1.00000
$end
$scale
0.99
$end
$msrrho
$end
$freq
81.77
84.41
200.88
208.22
229.14
268.23
323.19
388.98
440.27
458.44
771.21
775.90
825.17
886.54
964.51
974.80
995.84
1032.64
1060.76
1063.71
1177.67
1177.88
1203.12
1283.03
1309.05
1318.50
1372.58
1382.79
1386.55
1412.52
1413.04
1416.40
1481.10
1490.14
1495.52
1498.38
1499.21
1507.36
1508.63
1517.33
2973.39
2999.30
3006.95
3023.04
3024.40
3026.51
3030.09
3038.86
3082.01
3082.64
3085.92
3090.80
3096.29
3104.49
$end
