
$molecule
 C    -1.567581  -1.200907   0.103763
 C    -0.207297  -1.197593  -0.180842
 C     0.493200   0.000000  -0.326400
 C    -0.207297   1.197593  -0.180842
 C    -1.567581   1.200907   0.103763
 C    -2.252971  -0.000000   0.248125
 H    -2.093683  -2.141714   0.208892
 H     0.319690  -2.138217  -0.295612
 H     0.319690   2.138217  -0.295612
 H    -2.093683   2.141714   0.208892
 H    -3.313304  -0.000000   0.466705
 C     1.978010   0.000000  -0.584379
 H     2.244409  -0.877022  -1.179997
 H     2.244409   0.877022  -1.179997
 C     2.795697  -0.000000   0.713053
 H     2.566514  -0.881277   1.315504
 H     3.867232   0.000000   0.502040
 H     2.566513   0.881276   1.315505
$end
$temperature
298.15
$end
$mult
 1
$end
$sigma
 1
$end
$pressure
1.00000
$end
$scale
0.99
$end
$msrrho
$end
$freq
40.77
134.68
221.77
312.56
358.34
414.20
503.08
567.89
639.38
712.94
768.30
787.87
795.09
854.76
918.54
955.77
972.01
974.97
1025.16
1054.47
1058.07
1083.99
1122.74
1183.39
1204.81
1231.01
1273.01
1343.45
1354.46
1366.30
1409.50
1489.56
1490.16
1495.10
1508.36
1533.62
1626.96
1648.26
3027.46
3029.21
3058.60
3091.70
3096.60
3154.34
3155.41
3169.54
3178.15
3190.86
$end
