
$molecule
 C     0.914672   0.001589  -0.000000
 C     0.217207   1.206906  -0.000000
 C     0.221651  -1.206313  -0.000000
 C    -1.172927   1.200064   0.000000
 C    -1.165718  -1.199838  -0.000000
 C    -1.872136  -0.000356  -0.000000
 H     0.759650   2.146425  -0.000000
 H     0.781406  -2.132161  -0.000000
 H    -1.708203   2.141273  -0.000000
 H    -1.699657  -2.141872   0.000000
 H    -2.953964  -0.002632   0.000000
 O     2.279983  -0.055390   0.000000
 H     2.639980   0.838700   0.000000
$end
$temperature
298.15
$end
$mult
 1
$end
$sigma
 1
$end
$pressure
1.00000
$end
$scale
0.99
$end
$msrrho
$end
$freq
229.48
340.91
408.12
420.81
514.32
538.22
635.43
695.26
760.36
822.21
832.91
888.83
940.67
960.60
1019.99
1047.21
1096.58
1179.10
1193.37
1194.24
1284.96
1351.30
1374.79
1506.85
1534.31
1639.11
1650.13
3150.97
3170.69
3178.99
3192.84
3199.32
3799.01
$end
