
$molecule
 C     0.478023  -0.242422  -0.000000
 C     0.031460   1.078111   0.000000
 C    -0.447924  -1.288606  -0.000000
 C    -1.337402   1.338915  -0.000000
 C    -1.804359  -1.012880   0.000000
 C    -2.260436   0.304364   0.000000
 H     0.730011   1.901719  -0.000000
 H    -0.079058  -2.305860   0.000000
 H    -1.676075   2.367570  -0.000000
 H    -2.512860  -1.831829   0.000000
 H    -3.321361   0.516529   0.000000
 O     1.789467  -0.610178  -0.000000
 C     2.773069   0.409289   0.000000
 H     3.733990  -0.100232  -0.000000
 H     2.696584   1.038544   0.892129
 H     2.696584   1.038544  -0.892129
$end
$temperature
298.15
$end
$mult
 1
$end
$sigma
 1
$end
$pressure
1.00000
$end
$scale
0.99
$end
$msrrho
$end
$freq
93.33
208.59
260.42
272.12
424.20
450.24
519.10
562.54
632.06
701.00
764.56
802.78
827.93
896.05
948.69
959.81
1017.02
1046.15
1071.36
1106.57
1173.03
1181.14
1198.14
1205.56
1279.46
1338.24
1362.58
1476.34
1491.98
1492.76
1507.38
1534.47
1628.28
1646.31
3004.18
3058.55
3131.06
3167.31
3174.46
3190.29
3197.25
3210.96
$end
