
$molecule
 C     0.177337   0.020279  -0.000001
 C    -0.542553   1.216098  -0.000001
 C    -0.500646  -1.199921  -0.000001
 C    -1.928591   1.191692   0.000000
 C    -1.888519  -1.219501  -0.000000
 C    -2.602695  -0.026031   0.000001
 H     0.002143   2.150265  -0.000001
 H     0.060439  -2.123221  -0.000002
 H    -2.485059   2.120039   0.000001
 H    -2.413775  -2.165895   0.000000
 H    -3.685333  -0.044483   0.000002
 C     1.658626   0.098568  -0.000003
 O     2.297767   1.122483   0.000000
 O     2.255963  -1.118618   0.000001
 H     3.211271  -0.953776   0.000003
$end
$temperature
298.15
$end
$mult
 1
$end
$sigma
 1
$end
$pressure
1.00000
$end
$scale
0.99
$end
$msrrho
$end
$freq
63.64
157.64
218.61
385.88
414.27
435.76
498.46
589.36
634.51
641.18
704.79
729.60
779.01
826.47
865.62
959.52
983.76
999.18
1025.28
1050.32
1093.14
1117.80
1187.07
1190.44
1211.76
1342.64
1355.84
1370.63
1487.77
1530.30
1626.05
1646.42
1785.91
3170.38
3182.51
3192.01
3205.97
3213.82
3737.85
$end
