
$molecule
 C    -0.858773   1.421030  -2.857919
 C    -0.282124   0.646274  -1.676291
 C     0.863549   1.386333  -0.988632
 C     1.466004   0.628661   0.179016
 O     2.063761  -0.569272  -0.318279
 H    -1.678292   0.876090  -3.330792
 H    -0.095369   1.599301  -3.619665
 H    -1.244108   2.394882  -2.543553
 H     0.075652  -0.330069  -2.009682
 H    -1.072858   0.452025  -0.942984
 H     0.509893   2.355762  -0.620591
 H     1.657083   1.595325  -1.713581
 H     0.683165   0.391107   0.912269
 H     2.217723   1.251956   0.679347
 H     2.413876  -1.073277   0.422832
$end
$temperature
298.15
$end
$mult
 1
$end
$sigma
 1
$end
$pressure
1.00000
$end
$scale
0.99
$end
$msrrho
$end
$freq
87.37
140.45
223.33
244.20
275.15
346.56
509.67
749.00
838.12
856.12
966.19
981.61
1037.60
1074.15
1123.75
1159.92
1235.99
1256.77
1301.22
1334.25
1340.65
1404.38
1414.60
1447.08
1475.98
1494.51
1499.06
1510.08
1519.50
2969.67
2995.62
3008.81
3016.64
3021.28
3045.03
3062.27
3084.78
3086.86
3814.14
$end
