
$molecule
 C    -1.300463  -0.470032  -0.146700
 O     0.020868  -0.665242  -0.189388
 O    -1.853885   0.567733   0.090495
 H    -1.811988  -1.417819  -0.364970
 C     0.849905   0.494263   0.077566
 C     2.292042   0.058922  -0.027053
 H     0.599886   1.271111  -0.646462
 H     0.604049   0.872603   1.070883
 H     2.947311   0.909653   0.169177
 H     2.517539  -0.723052   0.699304
 H     2.513389  -0.321895  -1.025015
$end
$temperature
298.15
$end
$mult
 1
$end
$sigma
 1
$end
$pressure
1.00000
$end
$scale
0.99
$end
$msrrho
$end
$freq
61.21
226.27
236.34
346.05
381.52
787.54
815.17
853.87
1028.38
1040.96
1134.02
1179.65
1206.10
1298.71
1396.51
1399.73
1426.01
1486.03
1497.53
1517.20
1789.76
3025.92
3041.15
3055.07
3088.17
3106.66
3116.96
$end
