
$molecule
 O    -0.152935  -0.450100   0.423913
 C    -1.288045   0.391530   0.347492
 C     0.981508   0.188027   0.979370
 C    -2.434208  -0.389567  -0.258965
 C     2.129279  -0.798454   1.010501
 H    -1.056030   1.276262  -0.263742
 H    -1.553893   0.751774   1.352368
 H    -3.325188   0.237516  -0.330619
 H    -2.671413  -1.259972   0.354751
 H    -2.173367  -0.736815  -1.259923
 H     0.749626   0.544539   1.993945
 H     1.245366   1.070301   0.377546
 H     3.020195  -0.331316   1.435044
 H     2.365436  -1.142769   0.002431
 H     1.870819  -1.667352   1.617751
$end
$temperature
298.15
$end
$mult
 1
$end
$sigma
 1
$end
$pressure
1.00000
$end
$scale
0.99
$end
$msrrho
$end
$freq
98.66
105.00
192.37
247.87
253.10
435.80
439.32
820.41
832.05
857.58
946.00
1055.07
1097.76
1150.49
1170.03
1178.68
1199.08
1295.84
1301.22
1382.85
1405.44
1412.52
1448.04
1482.81
1483.02
1497.92
1500.58
1517.00
1533.19
2946.97
2959.00
2971.48
2973.69
3036.94
3037.40
3101.75
3102.02
3105.95
3106.14
$end
