
$molecule
 C     0.000000   0.000001   0.365307
 H     0.000000   0.000006   1.461826
 C    -0.000000   1.455441  -0.103838
 C    -1.260450  -0.727721  -0.103840
 C     1.260450  -0.727721  -0.103840
 H    -0.000000   1.508214  -1.196748
 H    -0.883509   1.988677   0.254637
 H     0.883509   1.988677   0.254637
 H    -1.306158  -0.754109  -1.196751
 H    -1.280486  -1.759480   0.254636
 H    -2.163999  -0.229198   0.254638
 H     1.306158  -0.754109  -1.196751
 H     2.163999  -0.229197   0.254638
 H     1.280486  -1.759480   0.254636
$end
$temperature
298.15
$end
$mult
 1
$end
$sigma
 1
$end
$pressure
1.00000
$end
$scale
0.99
$end
$msrrho
$end
$freq
212.83
258.88
258.88
367.54
367.57
434.28
800.28
927.92
927.94
959.97
975.15
975.16
1194.37
1194.38
1213.13
1362.51
1362.51
1401.36
1401.36
1429.60
1481.54
1488.27
1488.28
1505.93
1505.94
1513.62
2994.18
3014.56
3014.56
3022.06
3071.59
3071.59
3081.64
3081.80
3085.80
3085.80
$end
