
$molecule
 C     1.952776   0.131163   0.000000
 C     0.567994  -0.510653  -0.000000
 H     2.743770  -0.621584  -0.000000
 H     2.093395   0.761916   0.881654
 H     2.093395   0.761917  -0.881653
 C    -0.567994   0.510653   0.000000
 H     0.464889  -1.161454   0.875162
 H     0.464889  -1.161454  -0.875162
 C    -1.952776  -0.131163   0.000000
 H    -0.464889   1.161454   0.875162
 H    -0.464889   1.161454  -0.875162
 H    -2.743770   0.621584   0.000000
 H    -2.093395  -0.761917   0.881653
 H    -2.093395  -0.761916  -0.881654
$end
$temperature
298.15
$end
$mult
 1
$end
$sigma
 2
$end
$pressure
1.00000
$end
$scale
0.99
$end
$msrrho
$end
$freq
118.76
222.39
259.15
260.98
427.08
739.72
815.21
843.20
965.76
982.90
1019.51
1066.80
1171.71
1212.31
1292.04
1328.51
1334.04
1396.01
1412.70
1414.63
1487.27
1490.88
1497.94
1499.39
1504.08
1512.20
3001.59
3010.18
3018.01
3021.88
3022.23
3041.35
3077.69
3082.03
3085.56
3086.47
$end
