
$molecule
 C    -0.814196  -1.499615   0.361327
 C    -0.679611  -0.180422   0.413042
 C     0.582046   0.574019   0.124905
 H     0.020600  -2.143779   0.106118
 H    -1.758688  -1.984888   0.573271
 H    -1.545010   0.427827   0.669337
 H     1.391305  -0.131697  -0.081087
 H     0.875157   1.136994   1.018656
 C     0.427324   1.552259  -1.044902
 H     1.349496   2.112083  -1.212680
 H    -0.370591   2.272903  -0.850256
 H     0.177895   1.020623  -1.965248
$end
$temperature
298.15
$end
$mult
 1
$end
$sigma
 1
$end
$pressure
1.00000
$end
$scale
0.99
$end
$msrrho
$end
$freq
107.83
230.63
319.48
435.78
656.02
800.28
861.15
947.61
992.75
1022.01
1034.00
1096.49
1203.18
1291.78
1325.36
1348.32
1409.69
1458.70
1483.76
1496.98
1506.10
1708.11
3005.16
3027.31
3048.58
3088.68
3094.98
3115.02
3129.33
3210.52
$end
