
$molecule
 C    -0.728686  -3.291231   0.242177
 H    -1.391093  -3.024421  -0.579432
 H    -0.990808  -4.290440   0.587746
 C     0.720280  -3.294671  -0.229631
 H     1.383543  -3.026298   0.590785
 H     0.979143  -4.296276  -0.570680
 O     0.962403  -2.469495  -1.387047
 O    -0.968073  -2.460002   1.395827
 C     1.206383  -1.146321  -1.227335
 C     0.309320  -0.205290  -1.752798
 C     2.383733  -0.651184  -0.654221
 C     0.519837   1.159904  -1.632840
 C     2.608389   0.710000  -0.503693
 C     1.660807   1.601426  -0.980192
 H    -0.200700   1.859989  -2.026447
 H     3.513149   1.061428  -0.032161
 C    -1.208360  -1.136896   1.230070
 C    -0.308633  -0.196016   1.751239
 C    -2.384301  -0.641035   0.654689
 C    -0.515296   1.169210   1.625077
 C    -2.605062   0.720077   0.497888
 C    -1.654970   1.610986   0.970345
 H     0.207152   1.869012   2.015675
 H    -3.508807   1.071909   0.024712
Br     1.226931  -0.796892   2.698779
Br    -3.770152  -1.834649   0.123923
Br    -1.927043   3.479930   0.720240
Br     3.766055  -1.846348  -0.117803
Br    -1.227867  -0.806122  -2.697743
Br     1.938234   3.470714  -0.738690
$end
$temperature
298.15
$end
$mult
 1
$end
$sigma
 1
$end
$pressure
1.00000
$end
$scale
0.99
$end
$msrrho
$end
$freq
21.64
21.97
36.53
47.81
50.94
62.04
80.50
115.38
118.36
119.47
125.27
132.39
136.36
186.00
189.89
194.58
202.37
235.22
236.15
247.81
250.99
297.26
309.01
345.44
368.24
371.29
389.31
435.53
461.53
512.92
513.85
559.49
560.29
580.27
583.48
638.72
659.75
741.07
743.36
757.83
765.86
789.32
832.20
889.58
891.60
894.79
899.74
900.45
957.28
1051.60
1060.36
1074.33
1085.72
1091.20
1129.16
1129.90
1224.03
1225.20
1254.75
1274.21
1277.18
1278.61
1295.06
1348.84
1391.84
1401.57
1402.84
1411.04
1454.86
1458.28
1491.18
1491.58
1567.55
1568.62
1592.16
1595.64
3072.74
3079.44
3129.26
3130.38
3218.71
3218.72
3219.97
3219.99
$end
