
$molecule
 C    -0.100388  -0.815664   0.561277
 C     1.246547  -0.896323   0.181595
 C    -0.688660   0.435733   0.770656
 C     2.011518   0.271576   0.029683
 C     0.071708   1.585315   0.593875
 C     1.407290   1.512694   0.241083
 C    -2.125361   0.608852   1.167008
 O    -2.709410  -0.054780   1.981755
 O    -2.665449   1.629843   0.483140
 C    -4.093283   1.828549   0.617918
 H    -4.357428   1.706338   1.665843
 H    -4.251910   2.865603   0.321358
 C    -4.891520   0.878617  -0.272229
 H    -4.520205  -0.133137  -0.087116
 C    -6.370407   0.910340   0.149813
 H    -6.715911   1.950629   0.175420
 H    -6.955792   0.422435  -0.634038
 C    -6.665108   0.228265   1.484483
 H    -6.351803  -0.817689   1.463005
 H    -7.734013   0.254171   1.704679
 H    -6.147580   0.704337   2.318648
 C    -4.758316   1.201882  -1.769663
 H    -5.400296   0.501223  -2.314063
 H    -5.184294   2.196942  -1.943881
 C    -3.353863   1.149784  -2.381786
 H    -2.710700   1.895047  -1.909712
 H    -3.432070   1.440876  -3.434684
 C    -2.677314  -0.218064  -2.301601
 H    -3.273038  -0.949584  -2.858335
 H    -2.667747  -0.573052  -1.269489
 C    -1.247382  -0.205530  -2.834344
 H    -1.219241   0.086175  -3.887162
 H    -0.631728   0.506837  -2.279804
 H    -0.780349  -1.188297  -2.746231
Br    -1.144591  -2.392352   0.700980
Br     2.041103  -2.584562  -0.146172
Br     3.834224   0.182885  -0.465476
Br     2.348238   3.151276   0.048662
 H    -0.391941   2.549575   0.732550
$end
$temperature
298.15
$end
$mult
 1
$end
$sigma
 1
$end
$pressure
1.00000
$end
$scale
0.99
$end
$msrrho
$end
$freq
15.41
19.69
23.35
42.19
50.11
52.97
71.65
75.98
89.47
113.21
124.18
140.03
143.68
151.74
158.01
190.53
215.02
221.51
225.73
230.72
243.43
259.07
262.99
264.28
291.06
306.00
324.22
364.37
379.62
441.24
463.55
492.25
509.03
539.70
556.29
572.23
640.29
733.26
736.99
750.56
774.78
777.40
798.20
809.04
830.23
868.47
910.88
920.46
924.39
930.17
974.79
1000.73
1012.31
1044.53
1060.83
1062.78
1083.95
1086.84
1147.45
1153.88
1164.52
1185.17
1188.38
1248.01
1253.33
1271.45
1273.91
1285.70
1316.46
1324.50
1332.27
1334.56
1349.87
1372.72
1384.01
1397.35
1406.37
1411.92
1415.29
1421.20
1424.54
1479.61
1491.22
1491.90
1493.66
1497.43
1500.03
1501.74
1507.21
1512.97
1537.34
1583.40
1787.64
2997.32
3004.42
3014.29
3018.31
3025.09
3026.68
3034.23
3040.13
3050.35
3063.33
3072.03
3072.65
3088.93
3090.73
3092.40
3098.07
3129.98
3224.02
$end
