
$molecule
 H    -2.948179  -0.188416  -0.067633
 O    -2.425151   0.623953   0.014098
 C    -1.117639   0.307742   0.032237
 C    -0.166536   1.328147   0.144620
 C    -0.638815  -1.003508  -0.055951
Br    -0.753974   3.129841   0.268096
 C     1.192306   1.053456   0.167757
Br    -1.914841  -2.419437  -0.210453
 C     0.713557  -1.305355  -0.035184
 H     1.902851   1.861326   0.255332
 C     1.620930  -0.263333   0.077477
 H     1.046788  -2.329532  -0.105407
Br     3.488103  -0.646982   0.108812
$end
$temperature
298.15
$end
$mult
 1
$end
$sigma
 1
$end
$pressure
1.00000
$end
$scale
0.99
$end
$msrrho
$end
$freq
85.38
114.96
117.84
127.02
192.60
235.43
271.49
315.15
335.96
365.63
431.91
502.00
557.47
572.22
680.08
731.85
743.52
859.72
888.48
905.20
1079.55
1125.94
1180.71
1263.59
1301.80
1354.17
1417.44
1482.87
1591.37
1605.14
3217.83
3218.72
3695.78
$end
