
$molecule
Br     2.834382   1.084802   3.130099
 C     1.346282   0.717629   2.015294
 C     0.101091   0.423417   2.582773
 C     1.481576   0.736952   0.623764
Br    -0.099955   0.382929   4.467374
 C    -0.995828   0.162291   1.753512
Br     3.175498   1.168523  -0.144481
 C     0.406941   0.459999  -0.231188
Br    -2.688602  -0.225090   2.512776
 C    -0.831251   0.188668   0.365256
 C     0.567485   0.489596  -1.730341
Br    -2.338224  -0.138429  -0.760760
 C     0.303118   1.881068  -2.317494
 H    -0.117142  -0.230269  -2.173777
 H     1.576265   0.171313  -1.984516
 H     0.428657   1.862529  -3.401248
 H    -0.713449   2.209874  -2.098879
 H     0.997258   2.615596  -1.907666
$end
$temperature
298.15
$end
$mult
 1
$end
$sigma
 1
$end
$pressure
1.00000
$end
$scale
0.99
$end
$msrrho
$end
$freq
34.62
40.37
57.82
97.14
129.16
146.57
150.18
153.77
158.67
209.14
214.29
217.51
230.93
236.70
325.09
355.42
363.55
441.11
551.64
584.25
601.40
632.44
670.26
778.66
795.55
804.53
870.46
985.79
1068.77
1086.38
1090.85
1196.81
1237.41
1284.81
1343.93
1347.74
1357.60
1411.65
1495.76
1497.99
1507.82
1511.75
1535.08
3040.00
3083.49
3103.32
3106.98
3126.72
$end
