
$molecule
Br     3.705791  -0.051942  -1.336166
 C     1.921901  -0.022725  -0.695514
 C     1.041266   0.982771  -1.109378
 C     1.480775  -1.008846   0.194795
Br     1.633865   2.320151  -2.314787
 C    -0.273934   0.994025  -0.629406
Br     2.661037  -2.376904   0.764653
 C     0.163905  -0.973686   0.657731
Br    -1.459935   2.374675  -1.205928
 C    -0.741894   0.020156   0.261688
Br    -0.450391  -2.309629   1.870416
 C    -2.147572   0.008542   0.791927
 H    -2.141611   0.070753   1.881312
 H    -2.643201  -0.927491   0.529604
 H    -2.730503   0.832949   0.399454
$end
$temperature
298.15
$end
$mult
 1
$end
$sigma
 1
$end
$pressure
1.00000
$end
$scale
0.99
$end
$msrrho
$end
$freq
34.92
40.11
52.34
126.55
146.55
150.07
152.28
158.28
158.63
209.26
220.76
236.55
323.41
332.70
335.90
386.83
551.92
583.90
599.78
602.13
666.48
756.57
799.53
900.57
1035.43
1059.01
1071.62
1198.79
1245.38
1325.32
1356.47
1419.32
1471.74
1488.49
1518.85
1539.67
3050.61
3096.38
3175.78
$end
