
$molecule
Br    -1.820927   2.692333   0.538160
 C    -0.773945   1.144316   0.228761
 C     0.621668   1.242992   0.171235
 C    -1.395598  -0.098669   0.057542
Br     1.462627   2.924506   0.402696
 C     1.395633   0.098681  -0.057491
Br    -3.283561  -0.232147   0.135288
 C    -0.621633  -1.242981  -0.171183
Br     3.283592   0.232170  -0.135307
 C     0.773981  -1.144305  -0.228710
Br    -1.462595  -2.924483  -0.402714
Br     1.820959  -2.692310  -0.538177
$end
$temperature
298.15
$end
$mult
 1
$end
$sigma
 1
$end
$pressure
1.00000
$end
$scale
0.99
$end
$msrrho
$end
$freq
34.64
34.68
49.24
145.07
145.82
145.83
151.03
151.03
163.51
209.56
209.56
234.93
241.78
320.73
320.76
557.83
557.84
573.73
601.43
601.44
759.75
803.50
803.51
1043.43
1152.21
1231.00
1306.34
1306.36
1500.22
1500.23
$end
