
$molecule
C   1.56287811 -4.00713627 0.45819210
C   1.57368778 -5.14674230 -0.57688052
H   2.63120190 -5.41776737 -0.80386137
H   1.05607819 -6.04311421 -0.16836893
H   1.08562635 -4.85191532 -1.53010625
C   2.16814033 -4.55608294 1.76299127
H   3.17613251 -4.98561795 1.56943918
H   2.25330846 -3.77350887 2.54687962
H   1.50590202 -5.36221871 2.15673640
C   2.29112215 -2.77949635 -0.11289579
C   1.75971616 -2.19921651 -1.27991966
C   3.33181327 -2.12412489 0.55498674
C   2.16586833 -0.93385860 -1.68909442
C   3.72087552 -0.84080008 0.16034696
C   3.09170454 -0.20219992 -0.92352536
H   0.98580485 -2.72368892 -1.84852656
H   3.82989591 -2.59321089 1.40633558
C   0.17063448 -3.41887131 0.74114587
C  -0.98001017 -3.79506384 0.04207964
C   0.09963199 -2.33342747 1.63691898
C  -2.14145011 -3.01861830 0.12710645
C  -1.05384476 -1.56504024 1.72446482
C  -2.16848422 -1.85523054 0.91207779
H  -0.98180871 -4.68615048 -0.58929652
H   0.97588348 -2.05572985 2.23136252
O   3.46440258 1.08905520 -1.24845970
C   2.44072369 2.11046383 -1.07236545
H   1.46391888 1.77953548 -1.48981590
H   2.89879339 2.92989051 -1.67905260
C   2.33359535 2.49360527 0.40426716
H   3.32743408 2.35146221 0.90407237
O  -3.27173202 -1.02788218 1.00705008
C  -3.57307346 -0.19582653 -0.14650069
H  -4.51906100 0.27074856 0.23655707
H  -3.75367972 -0.83324777 -1.03776891
C  -2.49354312 0.85819357 -0.38851529
H  -1.99114197 1.14187434 0.57280599
C  -3.01162852 2.07678820 -1.12245876
H  -2.17811273 2.75622364 -1.42433390
H  -3.63059151 1.80585601 -2.00697763
C   1.85243943 3.91610058 0.59647150
H   1.65434857 4.13959385 1.67201983
H   2.58004150 4.64698763 0.17370242
Br   0.14988477 4.26522687 -0.33463138
Br  -4.15972978 3.16369242 0.05257152
Br   1.11268234 1.25594750 1.36644088
Br  -1.02408159 0.11442253 -1.51677466
Br   1.41183864 -0.23437865 -3.29431557
Br   5.09374703 0.03325211 1.14791482
Br  -3.67315816 -3.57847142 -0.85140477
Br  -1.05975549 -0.08875121 2.93127392
$end
$temperature
298.15
$end
$mult
1
$end
$sigma
1
$end
$pressure
1.00000
$end
$scale
1.093
$end
$msrrho
$end
$freq
14.53
16.34
20.96
26.99
28.31
37.50
44.73
50.77
52.33
56.63
62.10
82.68
91.21
94.59
100.29
108.37
121.67
129.81
134.82
138.18
158.77
163.56
166.52
169.30
187.72
194.88
206.33
213.17
217.64
226.58
251.02
261.77
268.59
278.48
283.26
305.54
315.12
321.98
339.59
346.43
354.94
392.60
402.14
430.03
469.82
479.70
481.56
491.30
507.26
510.72
529.70
537.77
568.42
582.43
609.98
619.09
650.62
660.35
674.11
714.24
718.51
730.09
739.69
743.53
768.77
821.45
831.02
894.16
910.68
921.48
925.97
927.41
932.54
955.50
959.72
961.95
981.18
985.33
1002.88
1006.84
1036.09
1046.46
1082.72
1091.11
1093.04
1116.86
1122.34
1126.68
1127.26
1136.48
1158.07
1159.70
1166.70
1181.20
1184.21
1197.71
1210.48
1222.90
1224.84
1249.28
1252.51
1255.97
1267.20
1293.06
1301.12
1305.35
1309.83
1329.78
1330.54
1344.65
1348.48
1351.69
1358.08
1367.09
1370.18
1373.98
1380.48
1400.63
1421.45
1433.64
1436.68
1488.89
1498.20
1601.40
1602.58
1625.74
1628.99
2617.85
2618.52
2621.80
2622.80
2649.24
2651.14
2661.83
2662.81
2669.19
2671.17
2729.43
2732.06
2735.26
2738.89
2739.70
2739.88
2742.28
2747.89
2853.45
2856.39
$end
