
$molecule
C  -0.74607315 -3.26412056 0.18309678
H  -1.36554244 -2.92118076 -0.66388874
H  -1.09884277 -4.25390157 0.53431044
C   0.73778144 -3.26710395 -0.17044898
H   1.35824202 -2.92203631 0.67494774
H   1.08768195 -4.25952313 -0.51705463
O   0.95066784 -2.47327569 -1.37684946
O  -0.95662528 -2.46409106 1.38580442
C   1.21390790 -1.13274072 -1.19982652
C   0.28415415 -0.20374282 -1.70961337
C   2.41585911 -0.66591019 -0.63371882
C   0.50929234 1.16769185 -1.57893978
C   2.64025426 0.70429216 -0.48190246
C   1.66945674 1.60385095 -0.93193598
H  -0.21996757 1.89079589 -1.96337062
H   3.56337440 1.06646383 -0.01615797
C  -1.21595090 -1.12363213 1.20256405
C  -0.28348547 -0.19499505 1.70804192
C  -2.41654159 -0.65593320 0.63429400
C  -0.50462767 1.17646319 1.57100845
C  -2.63692032 0.71420219 0.47609054
C  -1.66350156 1.61299741 0.92195477
H   0.22675397 1.89920626 1.95206593
H  -3.55897687 1.07689857 0.00865913
Br   1.28482917 -0.78853857 2.59553302
Br  -3.78450148 -1.87061133 0.12934302
Br  -1.90901754 3.47657744 0.62616517
Br   3.78025441 -1.88224502 -0.12313423
Br  -1.28591481 -0.79678299 -2.59433749
Br   1.92044473 3.46806400 -0.64482185
$end
$temperature
298.15
$end
$mult
1
$end
$sigma
1
$end
$pressure
1.00000
$end
$scale
1.093
$end
$msrrho
$end
$freq
15.90
19.35
29.18
40.62
49.64
55.85
86.81
108.25
114.83
114.89
115.49
126.77
128.31
161.07
165.70
184.55
204.14
238.94
245.15
258.10
259.08
289.98
300.44
353.49
365.26
365.86
384.64
425.35
425.49
488.35
489.00
512.02
512.92
535.48
540.58
655.53
664.42
714.26
721.59
744.87
745.34
799.90
829.20
883.50
917.44
919.63
931.55
932.31
955.07
1020.61
1065.81
1079.10
1091.92
1120.41
1124.34
1133.75
1153.79
1171.84
1207.97
1209.66
1242.76
1249.39
1270.77
1279.29
1280.26
1281.54
1338.80
1344.99
1432.71
1433.17
1461.34
1468.94
1603.36
1603.61
1605.70
1607.41
2652.96
2653.06
2714.46
2716.69
2723.50
2724.73
2729.78
2730.72
$end
