
$molecule
O   1.01335533 -0.31512415 -0.06336864
C   0.75259466 -0.31586443 1.13942406
C   1.70293839 -0.18504151 2.27502136
O  -0.54042537 -0.42620118 1.55229596
C   1.96353285 1.08204708 2.81317596
C   2.34271986 -1.31786249 2.79420913
C  -1.54776850 -0.50296598 0.52255938
C   1.24996714 2.26784756 2.27038192
C   2.87970098 1.22853281 3.86262751
Br   1.98995777 -3.01665156 2.09761245
C   3.25741578 -1.17361650 3.84844565
C  -2.88748429 -0.16052142 1.16715907
H  -1.29759625 0.21699628 -0.30220745
H  -1.53885663 -1.54991068 0.12223281
C  -2.88446344 1.25528451 1.72690192
C  -3.25318537 -1.16281485 2.25305468
H  -3.65523529 -0.22478843 0.34341360
C  -3.02576913 2.30212542 0.64211970
H  -3.73138447 1.37179740 2.45382857
H  -1.93148975 1.42788101 2.29754442
C  -3.65053165 -2.50485227 1.69418066
H  -4.10759354 -0.75351622 2.85574955
H  -2.38076121 -1.28146294 2.94869065
C  -2.84624123 3.69524918 1.20886329
H  -4.03429451 2.21612746 0.15872200
H  -2.26059260 2.12794379 -0.16111992
C  -2.88687762 4.74129888 0.12536960
H  -3.65239143 3.89793944 1.96210513
H  -1.86360041 3.75023013 1.75310538
H  -3.85347893 4.69750444 -0.43232546
H  -2.77986511 5.76167326 0.56617558
H  -2.05457648 4.58268032 -0.60399480
H  -3.95953485 -3.18751193 2.52272980
H  -4.50748638 -2.40211403 0.98507801
H  -2.79987772 -2.98141212 1.14967811
O   1.87621293 2.80055507 1.18473189
O   0.20156298 2.76682818 2.67849428
Br   3.24906187 2.91560698 4.57879271
C   3.52604219 0.09563181 4.38002198
Br   4.11919410 -2.67588703 4.54527240
C   1.23258845 3.92408167 0.54877296
Br   4.74741281 0.27873920 5.77994011
C   1.82388214 4.05743619 -0.85133196
H   0.12428488 3.74772526 0.50687574
H   1.44498901 4.83002671 1.17371929
C   1.54942958 2.81444038 -1.68649212
C   3.31774538 4.34550289 -0.79801458
H   1.30347182 4.93787543 -1.32687816
C   0.12179437 2.76367675 -2.18838749
H   2.24320998 2.79545204 -2.56828288
H   1.76783183 1.89819104 -1.07299315
C   3.62241046 5.74610067 -0.33239841
H   3.80880248 3.60087333 -0.11722263
H   3.75489406 4.20068562 -1.82209329
C  -0.16821337 1.43729566 -2.85979752
H  -0.05787406 3.60228619 -2.91133166
H  -0.59099088 2.90918733 -1.33293663
C  -1.61294402 1.33273657 -3.27408788
H   0.08547661 0.60044470 -2.15259040
H   0.49338043 1.32182354 -3.75828249
H  -2.28226637 1.39391697 -2.38069886
H  -1.80006771 0.35970312 -3.78897349
H  -1.88614417 2.15996840 -3.97285946
H   4.72470064 5.92587354 -0.35755957
H   3.26721825 5.90812228 0.71391761
H   3.12796314 6.50032886 -0.99150830
$end
$temperature
298.15
$end
$mult
1
$end
$sigma
1
$end
$pressure
1.00000
$end
$scale
0.961
$end
$msrrho
$end
$freq
17.50
18.20
20.23
26.16
31.76
34.64
40.48
41.22
42.47
43.30
48.52
55.26
63.91
76.14
81.70
84.20
96.02
101.91
105.54
118.77
125.33
129.63
134.22
136.69
143.17
146.16
152.96
167.28
177.21
180.38
183.48
199.32
200.92
223.77
231.55
255.76
255.94
264.50
266.75
294.82
295.56
326.23
328.10
329.85
330.18
360.63
360.75
413.40
466.30
481.47
484.31
516.51
525.75
531.42
582.97
587.38
622.81
623.74
700.16
702.06
719.74
757.28
762.54
772.24
807.17
822.09
835.77
836.16
855.00
862.75
865.30
955.28
956.53
978.59
979.90
988.36
988.94
1001.95
1002.19
1005.46
1014.50
1083.99
1084.85
1094.62
1096.28
1102.09
1106.56
1187.41
1187.53
1192.99
1193.10
1202.88
1205.17
1209.05
1211.24
1211.39
1212.48
1220.63
1221.97
1231.84
1233.24
1236.39
1237.89
1246.80
1247.83
1253.12
1264.20
1266.03
1268.98
1270.71
1296.39
1305.49
1306.47
1307.53
1334.43
1335.65
1353.24
1386.06
1388.18
1392.76
1392.79
1394.70
1394.74
1395.89
1396.13
1398.29
1400.32
1401.23
1401.40
1402.38
1404.21
1404.71
1404.87
1406.50
1406.89
1407.29
1408.26
1409.62
1409.81
1421.30
1422.76
1427.20
1434.78
1434.99
1440.68
1440.86
1442.22
1442.48
1453.88
1454.40
1485.86
1491.53
1558.88
1623.74
1729.14
1738.36
2067.01
2072.51
2995.57
2996.03
3004.88
3004.92
3011.48
3011.50
3019.55
3019.69
3027.19
3027.65
3029.20
3029.31
3054.77
3054.88
3058.68
3058.75
3061.98
3061.99
3062.21
3062.27
3074.04
3074.49
3085.21
3085.30
3090.30
3090.32
3091.44
3091.54
3098.21
3098.84
3153.41
3153.45
3155.48
3155.49
$end
