
$molecule
 C     0.114391   0.121602  -2.772958
 C    -1.042141  -0.286301  -2.113265
 C     1.250663   0.460441  -2.053534
 H    -1.909314  -0.542984  -2.704191
 H     2.150510   0.777703  -2.565045
 C    -1.093094  -0.365949  -0.721870
 C     1.218547   0.387086  -0.664804
 H     2.096461   0.647868  -0.086568
 C     0.063287  -0.019994  -0.013734
 H     0.065485  -0.068229   1.067628
 H     0.120954   0.172731  -3.854851
 C    -2.346027  -0.809613   0.039204
 C    -2.019274  -2.062853   0.873029
 H    -1.226107  -1.869942   1.595987
 H    -1.693450  -2.881741   0.228764
 H    -2.903347  -2.391865   1.424357
 C    -2.800463   0.324052   0.977813
 H    -3.037083   1.225366   0.409086
 H    -3.693989   0.023124   1.529965
 H    -2.028179   0.579700   1.703939
 C    -3.509729  -1.149273  -0.899571
 H    -3.258210  -1.969011  -1.575096
 H    -4.374993  -1.458946  -0.310639
 H    -3.808884  -0.288556  -1.500591
$end
$temperature
298.15
$end
$mult
 1
$end
$sigma
 1
$end
$pressure
1.00000
$end
$scale
0.99
$end
$msrrho
$end
$freq
49.60
127.04
229.52
229.96
272.35
318.33
319.70
327.33
350.34
392.56
415.55
463.40
540.20
555.77
639.48
713.22
719.23
779.49
848.28
853.90
921.38
934.79
943.93
959.80
965.38
974.29
1025.04
1043.30
1052.20
1057.01
1112.40
1138.83
1185.53
1217.17
1228.01
1231.18
1291.46
1329.60
1364.59
1399.71
1402.42
1432.12
1480.52
1482.45
1487.16
1492.00
1503.72
1507.78
1520.85
1536.46
1623.95
1647.13
3026.09
3026.87
3034.46
3086.59
3087.47
3094.92
3095.30
3101.09
3103.91
3161.57
3169.20
3180.33
3190.06
3205.54
$end
