
$molecule
Br  -1.82277559 2.69504555 0.53869152
C  -0.77562623 1.14679232 0.22922564
C   0.62302820 1.24569052 0.17155904
C  -1.39862851 -0.09887054 0.05765752
Br   1.46410336 2.92744876 0.40313256
C   1.39864820 0.09890140 -0.05763567
Br  -3.28686355 -0.23237554 0.13545071
C  -0.62297479 -1.24567324 -0.17154100
Br   3.28690244 0.23239799 -0.13545711
C   0.77564950 -1.14679279 -0.22920887
Br  -1.46407299 -2.92743115 -0.40313833
Br   1.82280506 -2.69502191 -0.53869562
$end
$temperature
298.15
$end
$mult
1
$end
$sigma
1
$end
$pressure
1.00000
$end
$scale
1.093
$end
$msrrho
$end
$freq
31.79
31.85
43.25
109.55
109.55
115.64
120.88
120.88
138.06
207.71
207.72
248.27
258.06
321.25
321.37
520.17
586.13
586.14
594.58
594.75
725.39
804.48
804.49
986.26
1126.25
1297.47
1389.58
1389.60
1576.16
1576.18
$end
