
$molecule
C  -0.00003346 -2.78312453 -0.00001047
C   0.13922283 -3.68410874 1.22679069
H  -0.80870022 -4.25462950 1.38091308
H   0.96975823 -4.41556957 1.07998188
H   0.34002206 -3.07798008 2.14225952
C  -0.13974094 -3.68472974 -1.22629986
H   0.80751637 -4.25662723 -1.37943865
H  -0.97133438 -4.41497178 -1.07952773
H  -0.33914278 -3.07892492 -2.14229000
C   1.21311664 -1.90719392 -0.21138624
C   1.17023648 -0.93094727 -1.21517282
C   2.38546480 -2.06015730 0.52913711
C   2.26328744 -0.10151539 -1.46519911
C   3.49695167 -1.24456578 0.29227024
C   3.43514695 -0.24249197 -0.69356801
H   0.24736940 -0.82029469 -1.81049768
H   2.45108929 -2.83684660 1.30943682
C  -1.21272377 -1.90644058 0.21095409
C  -1.16933402 -0.92983844 1.21437349
C  -2.38517173 -2.05913493 -0.52946550
C  -2.26216743 -0.10014119 1.46446888
C  -3.49649911 -1.24338955 -0.29240014
C  -3.43437496 -0.24131602 0.69341985
H  -0.24625350 -0.81913555 1.80935979
H  -2.45099631 -2.83572684 -1.30984792
O   4.54583013 0.52136098 -1.00977947
C   4.87183904 1.55196006 -0.06126466
H   4.75372303 1.17801786 0.98852062
H   5.96209873 1.73818049 -0.27914366
O  -4.54504173 0.52227903 1.01024533
C  -4.87195295 1.55274460 0.06188579
H  -4.75327055 1.17924237 -0.98796718
H  -5.96243977 1.73783899 0.27959828
C   4.08640581 2.79226539 -0.29751976
H   3.84948780 2.99745306 -1.35487233
C   3.71636634 3.61520031 0.68004924
H   3.93574535 3.42212405 1.73879740
H   3.16665443 4.54506011 0.48324757
C  -4.08787320 2.79382681 0.29869397
H  -3.85014863 2.99819726 1.35601322
C  -3.72004586 3.61833323 -0.67837528
H  -3.94024561 3.42603609 -1.73708352
H  -3.17154464 4.54881483 -0.48113540
Br   5.03904599 -1.58804798 1.30692717
Br   2.10155913 1.14411380 -2.85846262
Br  -2.09963148 1.14615814 2.85706471
Br  -5.03886203 -1.58672164 -1.30671302
$end
$temperature
298.15
$end
$mult
1
$end
$sigma
1
$end
$pressure
1.00000
$end
$scale
0.961
$end
$msrrho
$end
$freq
8.87
5.75
10.55
14.80
21.89
28.98
38.57
47.80
48.71
93.08
102.38
105.31
108.48
121.46
127.19
142.36
165.28
166.08
177.72
199.33
202.35
240.97
246.16
254.28
265.80
272.20
280.81
289.94
325.01
345.02
354.31
359.29
360.46
409.76
419.73
445.32
471.70
510.02
519.18
526.18
536.73
536.92
581.61
582.39
605.40
613.73
626.02
673.29
699.75
783.66
785.09
791.87
800.21
825.17
859.64
928.86
931.78
948.46
949.94
956.60
961.43
969.62
970.42
1002.37
1005.41
1016.71
1036.61
1040.07
1051.59
1052.89
1064.88
1065.43
1165.57
1169.53
1231.18
1233.92
1234.05
1241.69
1245.78
1260.73
1269.68
1279.45
1282.49
1288.44
1320.48
1320.73
1330.45
1358.95
1361.22
1366.51
1366.78
1382.23
1383.74
1397.38
1397.68
1398.06
1399.88
1414.34
1416.10
1425.22
1431.89
1432.60
1440.25
1527.73
1529.03
1537.92
1544.85
1649.14
1652.20
1727.98
1731.53
1760.19
1765.36
1862.88
1862.96
3029.99
3030.02
3060.97
3061.53
3064.95
3066.84
3086.05
3086.18
3154.18
3154.71
3155.80
3155.86
3159.11
3159.73
3163.78
3163.80
3179.51
3179.55
3212.50
3212.58
$end
