
$molecule
C   1.49930776 -3.88044086 0.50401188
C   1.52951218 -5.00838551 -0.52820700
H   2.55551583 -5.35011403 -0.71264303
H   0.94048705 -5.87125997 -0.19299687
H   1.10809083 -4.66501292 -1.49147959
C   2.05190957 -4.42711342 1.82125631
H   3.07374696 -4.80700472 1.69748170
H   2.07739161 -3.63331587 2.59118441
H   1.43012332 -5.24629394 2.20302122
C   2.30171491 -2.68475191 0.01843578
C   2.29541773 -2.34303840 -1.33807923
C   2.96963267 -1.85626334 0.92817026
C   2.89720952 -1.17094131 -1.75545279
C   3.55712240 -0.69722350 0.46966538
C   3.51227334 -0.29809228 -0.86392245
H   1.79352780 -3.00077528 -2.06541978
H   2.99788594 -2.11561339 1.99787571
C   0.09270991 -3.33866079 0.69674450
C  -0.85160262 -3.41469299 -0.33067434
C  -0.23634227 -2.66201187 1.87903360
C  -2.07656565 -2.78717800 -0.19019552
C  -1.45834084 -2.03446798 1.97003892
C  -2.39942798 -2.04796051 0.94145618
H  -0.61098457 -3.95385289 -1.26073095
H   0.48820829 -2.61495314 2.70683500
O   4.16098501 0.87178092 -1.21394106
C   3.31168300 1.92680702 -1.64378845
H   2.56438767 1.58987435 -2.39076795
H   4.04910095 2.57240278 -2.15732444
C   2.64085890 2.65669005 -0.49586048
H   3.17255130 2.50065709 0.47120960
O  -3.60155480 -1.40574253 1.17967776
C  -3.85759617 -0.27014247 0.36930963
H  -4.89259891 -0.03581732 0.68807599
H  -3.87098396 -0.53639728 -0.70637641
C  -2.93823910 0.90420437 0.64436222
H  -2.38434428 0.80504095 1.60714923
C  -3.58833974 2.23302035 0.49492341
H  -2.86554711 3.06432707 0.50502909
H  -4.22078706 2.32119872 -0.40245506
C   2.36587420 4.09355205 -0.77379432
H   2.03601997 4.64683355 0.11897552
H   3.20298624 4.63518449 -1.24135466
Br   0.87090192 4.06404846 -2.03117069
Br  -4.73517143 2.40514854 2.06667825
Br   0.84593954 1.89764159 -0.31808258
Br  -1.61423491 0.90695213 -0.80816149
Br   2.83614299 -0.79932330 -3.58293638
Br   4.44101645 0.41751230 1.67210699
Br  -3.27212653 -2.96965919 -1.61190117
Br  -1.90133413 -1.08702086 3.51026482
$end
$temperature
298.15
$end
$mult
1
$end
$sigma
1
$end
$pressure
1.00000
$end
$scale
0.953
$end
$msrrho
$end
$freq
9.35
13.60
16.54
17.76
19.42
23.63
29.67
35.00
47.94
57.80
63.75
71.80
95.01
97.55
112.48
118.42
121.28
126.48
152.24
171.46
178.20
188.19
189.42
196.00
205.40
209.75
221.34
235.37
242.60
260.49
261.15
267.34
274.93
282.39
319.88
322.75
333.56
334.17
358.65
367.86
378.86
411.15
420.54
448.91
488.70
489.40
493.78
508.00
518.90
531.99
546.19
575.32
581.49
637.88
654.78
672.88
687.35
722.69
726.52
755.59
780.60
786.02
792.55
806.57
818.91
875.78
879.82
929.44
935.10
939.68
953.74
957.57
973.58
977.10
985.06
993.13
996.34
1010.04
1022.84
1027.94
1084.08
1091.21
1094.29
1117.44
1118.23
1123.84
1132.85
1135.16
1158.80
1168.67
1174.59
1180.90
1184.49
1192.31
1203.69
1218.34
1238.49
1240.59
1273.11
1279.03
1284.13
1290.20
1305.18
1351.86
1354.94
1355.71
1359.47
1360.00
1361.18
1388.99
1390.50
1398.10
1398.68
1408.79
1409.92
1410.50
1417.67
1470.48
1478.10
1544.37
1551.88
1622.94
1629.58
1758.60
1762.33
1819.54
1821.53
2935.36
2937.44
2942.71
2943.46
2988.85
2992.99
2999.96
3002.06
3008.48
3011.48
3028.40
3030.78
3041.59
3042.84
3081.70
3083.58
3088.78
3089.83
3160.09
3161.29
$end
