
$molecule
C  -0.00018646 -2.92397559 0.00006479
C   0.20441910 -3.82319577 1.22857903
H  -0.70784728 -4.39395156 1.44614972
H   1.00961524 -4.54882913 1.06916575
H   0.44116122 -3.24581604 2.12965740
C  -0.20497560 -3.82296348 -1.22859149
H   0.70708261 -4.39403368 -1.44614905
H  -1.01044676 -4.54832182 -1.06939441
H  -0.44140700 -3.24540272 -2.12963588
C   1.17465952 -2.00184873 -0.28442817
C   1.00385207 -1.01706010 -1.26865956
C   2.37339941 -2.06866251 0.42190379
C   1.98517011 -0.06129519 -1.46563850
C   3.35298873 -1.10361310 0.20893132
C   3.15231974 -0.06216062 -0.69460909
H   0.08201791 -0.99973324 -1.85627666
H   2.54188614 -2.87006461 1.14411618
C  -1.17486654 -2.00164839 0.28460394
C  -1.00389772 -1.01682994 1.26876975
C  -2.37363100 -2.06833672 -0.42171264
C  -1.98508357 -0.06090915 1.46569584
C  -3.35304899 -1.10309156 -0.20884573
C  -3.15223071 -0.06163589 0.69466344
H  -0.08202795 -0.99958003 1.85634844
H  -2.54230763 -2.86983877 -1.14378250
O   4.09879838 0.89452694 -0.92645217
C   4.10637404 1.95903934 0.03702117
H   4.40154274 1.56593703 1.02537664
H   4.93700884 2.57547265 -0.36526909
O  -4.09860444 0.89517487 0.92646194
C  -4.10600372 1.95972389 -0.03698110
H  -4.40115114 1.56666657 -1.02536705
H  -4.93659064 2.57625957 0.36528124
C   2.80343599 2.69303813 0.07147373
H   2.68554761 3.46406760 -0.68827085
C   1.84871958 2.41211522 0.95727906
H   1.93377767 1.64998834 1.71819752
H   0.89677611 2.92339078 0.98918590
C  -2.80293006 2.69347323 -0.07129141
H  -2.68485923 3.46425855 0.68866999
C  -1.84830545 2.41257890 -0.95720960
H  -1.93361933 1.65071186 -1.71835963
H  -0.89625020 2.92365029 -0.98903088
Br   4.98072573 -1.23876652 1.15767087
Br   1.73661417 1.25673040 -2.79323721
Br  -1.73628546 1.25713351 2.79324317
Br  -4.98065625 -1.23785973 -1.15787435
$end
$temperature
298.15
$end
$mult
1
$end
$sigma
1
$end
$pressure
1.00000
$end
$scale
1.093
$end
$msrrho
$end
$freq
10.70
14.08
20.83
31.35
35.41
40.56
45.29
51.86
54.50
93.01
97.55
106.28
115.93
117.08
122.80
129.72
146.79
164.34
172.29
177.40
194.65
208.72
211.16
218.47
232.29
257.78
261.90
269.08
303.67
312.35
319.48
332.17
334.71
398.57
399.71
419.37
434.36
473.37
473.83
483.75
502.61
502.92
532.02
537.24
580.88
634.52
650.38
654.57
667.60
735.02
753.88
756.08
764.55
772.73
791.91
906.64
938.21
949.07
950.33
958.04
959.03
966.73
972.68
979.29
979.87
991.45
998.97
1012.83
1013.99
1026.32
1075.99
1077.31
1096.07
1100.98
1123.64
1125.26
1161.22
1163.45
1199.00
1204.05
1218.61
1218.81
1220.38
1240.77
1245.95
1285.53
1285.61
1292.43
1296.70
1304.08
1305.93
1310.70
1313.49
1313.80
1318.55
1332.17
1332.75
1367.73
1371.53
1386.27
1386.56
1397.87
1403.28
1428.83
1437.65
1491.28
1492.03
1553.17
1559.93
1673.01
1676.19
1702.44
1704.70
1846.84
1846.92
2648.02
2648.06
2670.55
2670.72
2675.93
2677.04
2708.79
2709.84
2717.41
2717.77
2737.58
2740.03
2741.31
2741.90
2757.89
2758.27
2778.36
2780.06
2781.63
2782.78
$end
