
$molecule
H  -2.98152873 -0.16473544 -0.06686081
O  -2.45000296 0.64640321 0.01504772
C  -1.12583855 0.30368557 0.03164053
C  -0.19060110 1.35649545 0.14607042
C  -0.67536057 -1.03007245 -0.05926191
Br  -0.70016307 3.15436157 0.27182262
C   1.17205591 1.05828369 0.16747382
Br  -1.86953322 -2.46752267 -0.21276964
C   0.69307980 -1.30302639 -0.03566582
H   1.90666206 1.87831381 0.25680821
C   1.61652422 -0.26337296 0.07733794
H   1.04390718 -2.34743867 -0.10691285
Br   3.44792275 -0.63789721 0.10819675
$end
$temperature
298.15
$end
$mult
1
$end
$sigma
1
$end
$pressure
1.00000
$end
$scale
0.961
$end
$msrrho
$end
$freq
66.80
114.10
117.30
130.62
169.43
258.56
288.89
308.55
327.12
355.80
379.96
527.24
562.12
565.52
739.88
748.95
790.86
947.32
954.46
960.13
1183.26
1245.45
1274.67
1362.60
1447.05
1472.72
1567.70
1651.95
1744.46
1747.80
3154.13
3158.90
3381.93
$end
