
$molecule
Br   2.25613934 -2.74604472 -1.50468847
C   0.97060655 -2.54758978 -0.13450128
C   0.66604661 -1.27404036 0.38977925
C   0.31735849 -3.66780261 0.39167515
O   1.26221308 -0.20367043 -0.26911740
C  -0.27732990 -1.11550459 1.42109073
Br   0.70338648 -5.38970782 -0.29674816
C  -0.61094561 -3.52453550 1.43544174
C   1.81845577 0.83652071 0.46834828
Br  -0.70665621 0.59879808 2.08803678
C  -0.90457726 -2.25250092 1.94708278
Br  -1.46540515 -5.05137313 2.15350549
C   1.54280968 2.13187674 -0.01710079
C   2.70148643 0.63246595 1.54412494
Br  -2.15790661 -2.06684410 3.35531103
Br   0.33749196 2.39084373 -1.44872977
C   2.16357318 3.22751978 0.59338038
Br   3.09406328 -1.10953157 2.15997456
C   3.29627289 1.74496067 2.15362979
Br   1.81549404 4.97798371 -0.04112394
C   3.03084843 3.03822395 1.68135511
Br   4.46723837 1.49716522 3.62187795
Br   3.84105591 4.53159208 2.51222182
$end
$temperature
298.15
$end
$mult
1
$end
$sigma
1
$end
$pressure
1.00000
$end
$scale
1.093
$end
$msrrho
$end
$freq
11.97
13.17
14.53
31.24
34.08
34.24
38.16
43.17
51.75
85.73
113.65
114.54
115.01
115.44
123.01
123.51
134.07
148.89
155.08
165.91
209.77
209.89
225.65
231.72
256.36
257.35
272.57
317.35
317.78
324.25
351.57
425.68
443.59
546.22
556.34
590.02
590.22
597.56
604.06
604.60
629.47
695.24
715.89
720.63
761.03
807.14
808.48
900.16
945.13
1074.01
1106.26
1144.31
1145.07
1328.43
1336.51
1385.53
1406.25
1411.69
1427.64
1577.61
1581.33
1585.31
1590.52
$end
