
$molecule
C   0.00070139 -2.62682163 0.00164588
C   0.15615053 -3.51643847 1.24115788
H  -0.64663226 -4.26259798 1.29217895
H   1.11882217 -4.05306398 1.23030470
H   0.12257330 -2.92453278 2.16575140
C  -0.15397681 -3.52044139 -1.23504368
H   0.64862446 -4.26702109 -1.28290087
H  -1.11683216 -4.05670301 -1.22324815
H  -0.11940474 -2.93161353 -2.16155148
C   1.22808746 -1.76681061 -0.23735839
C   1.14756665 -0.65375462 -1.08628856
C   2.46573318 -2.10335748 0.31760458
C   2.28047656 0.09441229 -1.32096985
C   3.58040185 -1.32872682 0.04992296
C   3.52304500 -0.20172022 -0.76216949
H   0.19854043 -0.37301824 -1.55939051
H   2.56145517 -2.99451986 0.95830797
C  -1.22718542 -1.76682662 0.23815005
C  -1.14835986 -0.65478050 1.08862228
C  -2.46353305 -2.10212078 -0.32037418
C  -2.28170316 0.09309844 1.32195372
C  -3.57872718 -1.32769319 -0.05409707
C  -3.52318166 -0.20222751 0.76023921
H  -0.20033284 -0.37473623 1.56412663
H  -2.55803128 -2.99236379 -0.96254357
O   4.60433465 0.55999159 -1.16001169
C   5.19659521 1.35772520 -0.14235063
H   5.47483093 0.74539224 0.73748636
H   6.12174364 1.67889800 -0.65463868
O  -4.60523355 0.55835215 1.15811990
C  -5.19699628 1.35772080 0.14152176
H  -5.47415865 0.74702816 -0.73978014
H  -6.12274714 1.67734739 0.65370443
C   4.36341733 2.53811111 0.24077986
H   3.56397086 2.81813973 -0.46013909
C   4.58618987 3.22361308 1.35528675
H   5.36522552 2.96506365 2.06756657
H   4.00144241 4.09557247 1.63156549
C  -4.36420324 2.53932253 -0.23867806
H  -3.56365356 2.81684520 0.46197746
C  -4.58870343 3.22871277 -1.35043247
H  -5.36898725 2.97271409 -2.06226183
H  -4.00429546 4.10153341 -1.62469568
Br   5.18690749 -1.90614691 0.80720973
Br   2.18274657 1.56368838 -2.46080609
Br  -2.18632926 1.56065313 2.46419522
Br  -5.18331645 -1.90365580 -0.81659240
$end
$temperature
298.15
$end
$mult
1
$end
$sigma
1
$end
$pressure
1.00000
$end
$scale
0.953
$end
$msrrho
$end
$freq
6.40
12.63
15.87
24.48
31.42
48.36
49.67
58.51
64.48
89.02
94.64
95.23
112.30
118.34
119.30
130.68
147.71
167.25
175.33
177.24
186.54
215.86
222.52
251.43
254.33
264.21
266.90
313.56
325.21
338.08
343.32
352.97
355.30
397.16
403.79
430.54
463.08
485.03
485.50
500.16
518.45
542.87
556.48
557.80
582.07
584.11
616.15
660.97
665.65
751.84
770.60
782.00
795.40
802.82
815.12
897.95
901.78
920.51
922.56
928.75
933.89
934.23
956.87
960.77
961.22
976.58
978.17
985.80
988.84
1022.79
1049.94
1050.31
1077.80
1078.77
1106.05
1106.52
1127.76
1127.89
1175.99
1176.27
1190.19
1207.61
1220.07
1220.19
1233.96
1234.38
1252.22
1292.36
1298.17
1303.96
1304.07
1341.02
1341.05
1346.05
1353.18
1366.47
1366.56
1389.03
1396.63
1405.44
1408.88
1449.18
1453.18
1470.18
1491.02
1543.21
1544.40
1629.15
1629.71
1754.69
1759.26
1819.82
1821.00
1858.43
1858.58
2948.35
2948.35
3005.53
3005.61
3015.73
3015.80
3033.70
3033.78
3051.03
3051.54
3054.32
3054.89
3084.32
3086.22
3134.54
3134.58
3146.84
3146.88
3165.68
3166.60
$end
