
$molecule
Br   3.68865997 -0.05219758 -1.32969834
C   1.91063075 -0.02223908 -0.69167878
C   1.03356983 0.97767904 -1.10276439
C   1.46890365 -1.00238695 0.19448511
Br   1.63344516 2.30827876 -2.30580553
C  -0.27683726 0.99638209 -0.63006268
Br   2.65370871 -2.36379341 0.75773374
C   0.15934750 -0.97491419 0.66038809
Br  -1.43888608 2.37461140 -1.21374259
C  -0.74314342 0.02235399 0.26054669
Br  -0.42778578 -2.31421113 1.86540115
C  -2.13412420 0.00920735 0.78643194
H  -2.15200817 0.09028249 1.88764668
H  -2.66120991 -0.92272059 0.51578677
H  -2.77916586 0.82108511 0.42622222
$end
$temperature
298.15
$end
$mult
1
$end
$sigma
1
$end
$pressure
1.00000
$end
$scale
1.093
$end
$msrrho
$end
$freq
21.59
28.79
37.53
102.73
138.53
140.97
143.70
150.53
159.49
207.35
223.52
251.08
320.28
331.47
346.76
396.41
545.99
580.29
617.07
618.93
701.05
762.65
814.22
945.64
1063.38
1065.62
1121.81
1260.91
1270.38
1290.24
1372.64
1399.95
1448.33
1502.58
1642.50
1670.18
2652.63
2653.77
2773.90
$end
