
$molecule
Br 2.02981645084420 -2.80643698150155 -1.64265992873667
 C 0.88774486553078 -2.58937910020335 -0.17713976197917
 C 0.66187708221478 -1.27965964954650 0.27026544915556
 C 0.30458656022535 -3.66399524154989 0.45451505042572
 O 1.28923713968904 -0.21205854797359 -0.39183526632502
 C -0.20740933312595 -1.09217828076359 1.35651784219094
Br 0.65361624272030 -5.40133284873889 -0.17031044341308
 C -0.52698066088655 -3.46117105337571 1.54491977883120
 C 1.85261894877779 0.83778330266143 0.35276598273373
Br -0.62062130279790 0.65332132060110 1.89174665480480
 C -0.78208889604744 -2.17249238665562 1.98944815537289
Br -1.30946774802101 -4.93171136850997 2.41688955624124
 C 1.62716890465517 2.16278884734839 -0.04821163071606
 C 2.66149091336880 0.61505493960220 1.47864220745825
Br -1.91695887150586 -1.89124463794074 3.46066952809081
Br 0.56608113866193 2.42593221100896 -1.56625686890055
 C 2.15190364829076 3.21674387617105 0.66427344895837
Br 3.07037601727577 -1.14828017947519 1.95642694579918
 C 3.17840845946421 1.67472892873343 2.19114430829061
Br 1.80261076848120 4.97480810416388 0.10054845448503
 C 2.92376595218791 2.97792636061014 1.79077013531653
Br 4.23291016809200 1.34518317979038 3.71129345887822
Br 3.62481255190491 4.42016720554370 2.77237694303781
$end
$temperature
298.15
$end
$mult
 1
$end
$sigma
 1
$end
$pressure
1.00000
$end
$scale
1.03
$end
$msrrho
$end
$freq
11.31
13.56
15.61
33.52
34.56
35.59
37.91
41.64
44.71
58.24
77.84
80.61
85.22
86.33
88.13
88.51
90.51
99.88
115.27
135.23
159.10
161.05
174.06
176.31
193.07
202.54
205.17
262.26
262.55
265.11
302.72
343.71
357.61
426.10
433.15
502.97
503.48
575.23
585.21
585.84
599.59
647.32
668.64
778.54
782.00
804.82
813.13
878.19
912.27
1090.83
1093.90
1172.97
1189.82
1287.63
1294.94
1305.19
1308.78
1485.30
1494.81
1541.87
1542.03
1545.00
1545.33
$end
