
$molecule
C  -0.09003043 -0.68377490 0.45939779
C   1.26723543 -0.78307555 0.12175135
C  -0.63861587 0.56445287 0.78642653
C   2.07482902 0.36557408 0.11827581
C   0.16067048 1.71341375 0.77051943
C   1.51580537 1.60889432 0.44293878
C  -2.08282627 0.69000278 1.16032938
O  -2.69834477 0.07821230 1.99547336
O  -2.63173707 1.68688638 0.39558558
C  -4.07218358 1.93367083 0.51918621
H  -4.33536173 1.92120738 1.59249624
H  -4.14147110 2.95632260 0.10979867
C  -4.86205331 0.89266538 -0.28730195
H  -4.40537785 -0.11363057 -0.09491633
C  -6.32724850 0.86907532 0.19732639
H  -6.74764671 1.89290905 0.19481615
H  -6.94184336 0.29568852 -0.52619815
C  -6.47310905 0.24411688 1.58146077
H  -6.12314186 -0.79607002 1.59396920
H  -7.51821199 0.24338252 1.90984445
H  -5.88879555 0.77993488 2.34010191
C  -4.80420206 1.17172257 -1.80203044
H  -5.55447380 0.54255750 -2.32112604
H  -5.10513115 2.21714945 -2.00506839
C  -3.41835758 0.91385122 -2.40780875
H  -2.64317629 1.43112517 -1.80377055
H  -3.36648935 1.37052609 -3.41448426
C  -3.08839438 -0.58205309 -2.50219869
H  -3.80552566 -1.08431480 -3.17974278
H  -3.22640347 -1.05923062 -1.51056127
C  -1.66164724 -0.81783045 -2.99150614
H  -1.50226793 -0.40043678 -3.99177645
H  -0.92401488 -0.35922241 -2.32302972
H  -1.43218528 -1.88869503 -3.04062904
Br  -1.19361009 -2.22436090 0.46874822
Br   2.00846011 -2.46473288 -0.33279119
Br   3.91102046 0.23597962 -0.32681089
Br   2.57329998 3.18334412 0.44331088
H  -0.28668156 2.68675021 1.00739012
$end
$temperature
298.15
$end
$mult
1
$end
$sigma
1
$end
$pressure
1.00000
$end
$scale
1.093
$end
$msrrho
$end
$freq
10.87
12.09
19.51
31.70
37.40
47.29
50.87
61.00
76.25
78.92
90.32
107.03
112.86
115.65
127.74
137.01
152.48
184.07
207.86
218.44
228.09
231.15
252.75
255.28
284.65
292.99
323.20
365.02
376.95
437.84
456.52
466.56
476.39
523.00
540.24
580.94
624.78
688.24
705.41
738.71
767.90
773.68
813.70
848.32
871.22
895.23
929.39
935.23
940.64
960.43
983.78
1017.04
1048.74
1064.94
1068.88
1120.62
1129.49
1132.08
1146.29
1148.31
1159.09
1169.88
1174.58
1178.64
1190.56
1197.86
1202.45
1220.35
1235.43
1239.98
1255.12
1258.39
1261.21
1263.35
1264.94
1277.78
1284.02
1286.47
1287.51
1291.94
1294.41
1302.92
1310.72
1323.58
1327.41
1334.17
1340.74
1346.22
1408.05
1461.04
1597.75
1609.98
1821.49
2652.95
2656.91
2663.76
2666.95
2671.49
2680.21
2693.39
2695.86
2697.07
2701.98
2718.33
2722.55
2732.22
2740.88
2743.67
2746.24
2787.73
2789.72
$end
