
$molecule
Br   3.69386659 -0.05159423 -1.33208073
C   1.91319064 -0.02254768 -0.69240425
C   1.03008206 0.98277347 -1.10522378
C   1.46808440 -1.00861622 0.19937361
Br   1.63083403 2.31745346 -2.31157203
C  -0.28861849 1.00286749 -0.63047494
Br   2.65755030 -2.37310539 0.76316252
C   0.15139719 -0.98225567 0.66874711
Br  -1.43710594 2.39425275 -1.22889897
C  -0.75587037 0.02214443 0.26542022
Br  -0.42059757 -2.33336803 1.87685834
C  -2.14930082 0.00977490 0.79165822
H  -2.13220780 0.08705500 1.90934604
H  -2.65320010 -0.94932141 0.50573805
H  -2.77367138 0.84915252 0.40354861
$end
$temperature
298.15
$end
$mult
1
$end
$sigma
1
$end
$pressure
1.00000
$end
$scale
1.093
$end
$msrrho
$end
$freq
31.84
37.28
50.85
114.36
117.56
119.84
126.38
136.64
154.79
209.80
225.17
254.16
312.78
320.45
338.41
398.26
540.70
586.83
592.11
594.17
696.19
719.47
799.46
922.29
1012.83
1023.81
1100.53
1147.14
1316.69
1334.35
1341.87
1399.78
1408.04
1456.27
1576.58
1599.66
2644.67
2647.05
2840.24
$end
