
$molecule
 C -0.19815096678184 -0.75193340202102 0.46670876461818
 C 1.15102175885707 -0.88770571010137 0.19651288598760
 C -0.74546613694148 0.51265136665037 0.67428312297507
 C 1.96754267532162 0.23117001804073 0.12069361035223
 C 0.08465725881340 1.62722041066817 0.58789533576944
 C 1.42772874013372 1.48893097254966 0.31503614444436
 C -2.19856446177139 0.72465907814081 0.91426703718925
 O -2.85657902560361 -0.07149052014986 1.55443536634359
 O -2.71842805768469 1.85751189978543 0.34617942932327
 C -4.10524793287142 1.91384081716913 0.56618777664024
 H -4.26011283849707 1.75881360198720 1.63996106256881
 H -4.44010010565792 2.93010066675231 0.33227169596797
 C -4.87941011551725 0.88647620843470 -0.27001179752576
 H -4.41442314639075 -0.09276630472058 -0.08168479821516
 C -6.35156026223909 0.78735128928404 0.16941974437642
 H -6.81058187985417 1.78023765012715 0.09912257085590
 H -6.89694017125377 0.16616867560850 -0.55202692527644
 C -6.52706803475524 0.21669427195772 1.56817625246877
 H -6.04061373435049 -0.75574875634773 1.65914914009552
 H -7.57960091901253 0.08427439229434 1.82641050559310
 H -6.08814857061763 0.86440270958842 2.32741382972972
 C -4.76211638234891 1.19149284294975 -1.77250383019440
 H -5.37851048136068 0.48115206630103 -2.33489601023718
 H -5.21171350750330 2.17408498162499 -1.95609364283534
 C -3.33446292092983 1.15988721129633 -2.32353047552823
 H -2.71056245098111 1.85846868090325 -1.75489276009071
 H -3.32032766002713 1.53833749464744 -3.35336562109747
 C -2.69040689335941 -0.22711359612442 -2.29611358122681
 H -3.30852351307459 -0.92737060976479 -2.87219863171867
 H -2.70146619785822 -0.61644192901841 -1.27120177267055
 C -1.26522295431203 -0.22329248386908 -2.82604435824307
 H -1.22894744989296 0.11721502697690 -3.86185287443903
 H -0.63093206581254 0.44756170568606 -2.24437436765291
 H -0.81123312338086 -1.21562632829646 -2.78865909947465
Br -1.26083102120123 -2.30178092734183 0.48160085797502
Br 1.88632914541304 -2.59386846268673 -0.09372773518217
Br 3.80022122058593 0.04154167379929 -0.26004069231586
Br 2.48690493860333 3.04162612418925 0.20321020405561
 H -0.33462275588487 2.61003219302912 0.72192863659462
$end
$temperature
298.15
$end
$mult
 1
$end
$sigma
 1
$end
$pressure
1.00000
$end
$scale
1.03
$end
$msrrho
$end
$freq
15.17
17.19
22.15
36.61
42.82
49.97
69.54
76.80
81.62
88.74
94.18
100.39
109.02
123.23
124.89
163.36
175.19
184.59
199.87
215.00
229.00
233.94
247.50
261.79
281.64
291.45
296.30
326.29
375.56
381.42
399.35
433.48
446.90
474.64
509.73
513.74
573.93
663.88
689.49
707.81
732.84
745.44
785.94
792.42
799.69
811.92
838.07
869.36
877.29
894.52
900.74
918.63
928.68
943.55
975.73
1000.09
1015.97
1026.37
1037.90
1041.14
1051.07
1081.74
1119.98
1177.81
1185.68
1197.04
1210.81
1225.80
1237.84
1288.19
1295.82
1311.96
1342.76
1353.08
1353.53
1360.96
1362.12
1363.73
1377.54
1387.09
1389.04
1389.28
1392.07
1398.52
1409.14
1418.67
1438.17
1461.93
1467.15
1525.35
1545.67
1594.74
1699.22
2948.82
2972.21
2973.81
2978.26
2981.74
2983.78
2984.56
2988.20
2989.79
3009.80
3009.93
3012.17
3013.30
3032.71
3033.60
3034.46
3037.93
3171.83
$end
