
$molecule
Br   2.83217166 1.09207730 3.12707007
C   1.34869875 0.71586046 2.00423134
C   0.10429036 0.41362891 2.57490806
C   1.49327862 0.74121764 0.61078420
Br  -0.09288333 0.35718984 4.45875192
C  -0.99485415 0.16019904 1.74229487
Br   3.18474235 1.21865317 -0.12050695
C   0.41135457 0.44644580 -0.24199162
Br  -2.68936690 -0.21706704 2.50992378
C  -0.84061896 0.18783549 0.34992797
C   0.58032332 0.43798862 -1.73584256
Br  -2.37347082 -0.09927044 -0.74174458
C   0.31380274 1.83001582 -2.30423076
H  -0.09031592 -0.30777715 -2.21601680
H   1.59607852 0.09206544 -2.02752114
H   0.43318871 1.84014638 -3.39385944
H  -0.70750580 2.16613523 -2.08088665
H   1.00794273 2.57286788 -1.88915390
$end
$temperature
298.15
$end
$mult
1
$end
$sigma
1
$end
$pressure
1.00000
$end
$scale
1.093
$end
$msrrho
$end
$freq
30.43
35.43
49.04
97.78
113.30
116.33
124.95
127.10
139.47
148.66
208.70
217.60
239.37
252.86
321.32
331.12
363.22
448.67
540.62
583.72
595.08
635.87
689.15
752.82
796.39
859.65
901.04
1006.78
1054.38
1108.64
1119.35
1150.22
1160.67
1256.29
1258.73
1264.59
1323.51
1335.44
1347.67
1397.43
1443.64
1575.72
1593.62
2643.87
2691.68
2691.99
2734.49
2784.24
$end
