
$molecule
H   2.72064723 1.45276878 1.34852970
C   2.63025290 0.37279329 1.52308851
C   1.54573474 -0.34568710 0.78991357
C   3.45953808 -0.26547109 2.34032827
O   0.59348579 0.64818633 0.38889482
H   1.95403698 -0.84803281 -0.10857376
H   1.05759265 -1.11530722 1.42020209
C  -0.49831562 0.13229562 -0.27596191
C  -0.62256524 0.42666238 -1.63498904
C  -1.54852786 -0.55347747 0.33116386
Br   0.75947306 1.38245521 -2.43072938
C  -1.72340588 0.05858003 -2.38438164
Br  -1.51987395 -0.94893908 2.15272676
C  -2.67163525 -0.95079166 -0.37730496
H  -1.80120591 0.30395013 -3.44862284
C  -2.72406901 -0.63486790 -1.72313833
H  -3.48890203 -1.48899155 0.11484150
Br  -4.22520372 -1.16031513 -2.69569558
H   3.39505137 -1.33117330 2.54270720
H   4.26519755 0.23879812 2.86492589
$end
$temperature
298.15
$end
$mult
1
$end
$sigma
1
$end
$pressure
1.00000
$end
$scale
0.953
$end
$msrrho
$end
$freq
5.81
20.24
34.94
76.46
92.23
98.29
133.71
165.83
171.71
189.89
238.70
254.96
318.72
354.54
444.80
449.08
488.19
511.07
555.12
573.31
730.35
788.01
802.91
871.27
914.34
929.24
936.43
946.76
959.46
1029.90
1042.85
1064.23
1111.70
1119.29
1179.59
1220.34
1225.97
1304.34
1346.96
1362.82
1378.32
1425.02
1541.07
1603.08
1781.70
1797.62
1858.58
2921.81
2973.16
3043.84
3066.51
3071.46
3136.26
3147.64
$end
