
$molecule
C  -0.00035672 -2.77054288 0.00039582
C   0.07112053 -3.66368214 1.25275801
H  -0.86494432 -4.22074374 1.38974662
H   0.87478654 -4.40515455 1.18234986
H   0.22930048 -3.07840709 2.16612169
C  -0.07130305 -3.66232701 -1.25298127
H   0.86477799 -4.21933697 -1.39006516
H  -0.87510875 -4.40375472 -1.18384658
H  -0.22890011 -3.07600277 -2.16577750
C   1.23957826 -1.88734338 -0.16812573
C   1.18465501 -0.80318614 -1.06372496
C   2.43938174 -2.16189381 0.49914272
C   2.29957217 0.00613173 -1.26386236
C   3.56261633 -1.35800616 0.29110678
C   3.50530519 -0.26048483 -0.58402221
H   0.25415732 -0.59152185 -1.60037898
H   2.51074859 -3.01471172 1.17995564
C  -1.24070894 -1.88812048 0.16967248
C  -1.18634919 -0.80488939 1.06639845
C  -2.44023755 -2.16230520 -0.49824732
C  -2.30121088 0.00458664 1.26623122
C  -3.56333513 -1.35809111 -0.29075976
C  -3.50617749 -0.26064786 0.58450482
H  -0.25630439 -0.59404765 1.60416664
H  -2.51147018 -3.01507784 -1.17914217
O   4.60871084 0.49296990 -0.90315820
C   5.18758292 1.30384663 0.17413800
H   4.73414432 1.06657633 1.15062224
H   6.25346698 0.99980868 0.16070218
O  -4.60928150 0.49406536 0.90180837
C  -5.18556923 1.30521691 -0.17664189
H  -4.73380992 1.06436485 -1.15307450
H  -6.25249872 1.00498479 -0.16178049
C   4.99324061 2.73485121 -0.22219185
H   4.54245816 2.86702655 -1.21148409
C   5.34745342 3.75562952 0.55287077
H   5.79338894 3.65053014 1.53109244
H   5.21524595 4.78842403 0.26068605
C  -4.98537744 2.73641383 0.21602922
H  -4.52566444 2.86934556 1.20106801
C  -5.34491069 3.75673386 -0.55717131
H  -5.80002175 3.65107098 -1.53108817
H  -5.20796393 4.78969597 -0.26773289
Br   5.19065149 -1.80026179 1.16749425
Br   2.18917005 1.46598132 -2.47413264
Br  -2.19162088 1.46231488 2.47912908
Br  -5.19110153 -1.79995308 -1.16787322
$end
$temperature
298.15
$end
$mult
1
$end
$sigma
1
$end
$pressure
1.00000
$end
$scale
1.093
$end
$msrrho
$end
$freq
7.14
9.93
13.50
17.47
27.29
35.52
37.51
73.59
73.98
80.19
91.11
94.45
103.55
110.22
119.08
133.29
155.54
158.89
169.50
175.93
181.54
185.67
204.00
208.80
215.99
256.49
256.80
259.47
273.31
285.97
293.38
323.21
337.41
376.01
391.03
422.44
442.15
442.24
458.98
492.40
493.35
501.46
530.11
534.00
548.66
551.49
584.09
638.99
649.05
702.49
709.98
737.95
744.65
755.07
782.76
882.22
888.37
908.79
923.31
924.88
930.25
933.28
938.23
938.68
943.35
960.83
977.46
987.99
1009.32
1009.96
1041.23
1041.79
1048.04
1048.59
1087.71
1091.37
1123.16
1127.25
1155.90
1157.66
1169.07
1177.63
1177.81
1198.83
1218.28
1247.37
1248.72
1250.33
1252.81
1256.96
1257.68
1263.00
1266.71
1267.40
1278.35
1291.80
1292.45
1297.01
1297.29
1333.07
1334.99
1335.71
1340.86
1380.11
1380.38
1436.45
1437.52
1491.20
1494.47
1600.10
1604.22
1625.47
1628.04
1794.94
1795.49
2658.21
2658.30
2688.31
2690.56
2694.10
2695.30
2711.78
2711.82
2720.90
2720.93
2731.47
2731.94
2734.02
2735.79
2745.09
2745.22
2786.76
2789.05
2789.55
2789.79
$end
