
$molecule
 O 0.66605066325163 0.18170953582682 0.06902057363198
 C 0.45691282519215 -0.23237791478761 1.17904142839833
 C 1.48704220503261 -0.11578630104971 2.27370288004295
 O -0.62046981226612 -0.84782552630935 1.60524249201642
 C 1.99053489553770 1.15150172022728 2.55886319126768
 C 1.99398263070020 -1.23260575537716 2.92539630172430
 C -1.71459277171678 -1.00826177757633 0.69688436991546
 C 1.31614302680479 2.32059799676986 1.89253324859963
 C 3.01453350408027 1.30132225638658 3.48719217654700
Br 1.32600730807214 -2.94748012184305 2.54383035853078
 C 3.01782809460199 -1.08583021072321 3.86121329271614
 C -3.01943696533554 -0.61784387926667 1.39313359643780
 H -1.53381184541935 -0.38792298023352 -0.18466811342998
 H -1.73212211025209 -2.05810850542664 0.39232441069266
 C -3.02270700880328 0.87202380470666 1.76079801230591
 C -3.25360772544637 -1.47330337995798 2.64557665781091
 H -3.82719113894043 -0.81062177167023 0.67804422052758
 C -3.12190478880211 1.80909121255500 0.55927201513891
 H -3.87294144662597 1.06258768222828 2.41978891272559
 H -2.11499972490855 1.11005120622416 2.31829871660207
 C -3.39132553871103 -2.96429573849889 2.35793946356556
 H -4.16882885720875 -1.12300614015276 3.12730952581303
 H -2.42960451286507 -1.31244026709351 3.34231653283540
 C -3.19441483381995 3.26806392304502 1.00499589261465
 H -4.00995779028358 1.55987578648313 -0.02839143086477
 H -2.24670762279484 1.68595333687737 -0.08036962714412
 C -3.36322206110352 4.22129071515456 -0.17197323468187
 H -4.03402002213754 3.39396700244181 1.69301687039851
 H -2.27931638197418 3.51082686238334 1.54794841598661
 H -4.27619434438305 3.99444378279147 -0.71942237185430
 H -3.41974865264670 5.25053648553789 0.17536728071845
 H -2.52463965657640 4.13816502734987 -0.85956879632237
 H -3.70544363842094 -3.48696070252745 3.25815173685633
 H -4.13677612144390 -3.13855826367794 1.58466353754280
 H -2.44702752417830 -3.39602059653396 2.03718196778571
 O 2.19084909330751 3.15146069556598 1.37529573550743
 O 0.11749770753426 2.43155861232615 1.88140378193394
Br 3.69968948325225 3.00057237767773 3.90338428498496
 C 3.53020269999461 0.18043356729629 4.13856517266595
Br 3.70939935746266 -2.59129169034929 4.74665499794521
 C 1.70864888002938 4.29191676598898 0.65906296159789
Br 4.91312699736831 0.37268711757992 5.39601819504190
 C 2.29410686237734 4.30438105189034 -0.75512005536846
 H 0.61661680639056 4.25767096369328 0.63391855483152
 H 2.02610408455437 5.17423778209601 1.22005047740447
 C 1.79136398183772 3.10840512795128 -1.57466605369316
 C 3.82834419095016 4.31244106909040 -0.71645484124876
 H 1.94826464451550 5.23022335596515 -1.22862065456356
 C 0.31199493038499 3.18364458050860 -1.94638788758033
 H 2.37612780689060 3.05450726978658 -2.49589643791274
 H 1.96887082544143 2.18346884758583 -1.02211556083172
 C 4.42208049810757 5.53092585396482 -0.01820864809919
 H 4.17465848054033 3.40499344512337 -0.21926727610569
 H 4.19165096442580 4.28561189406420 -1.74583736839935
 C -0.08747186463619 2.00983258688297 -2.83850785351254
 H 0.11215727652116 4.12478002686021 -2.46654764836086
 H -0.30095605761889 3.15925921705574 -1.04381915061422
 C -1.53954853552507 2.09885658270117 -3.29229797651637
 H 0.07205682588725 1.08258012587059 -2.28547078669227
 H 0.56192878402495 1.98873350580192 -3.71713704138689
 H -2.21311867608024 2.09579291797655 -2.43842891981733
 H -1.79215785118598 1.25457235430137 -3.92986356638766
 H -1.70813353365631 3.01504613409870 -3.85531938784524
 H 5.49928257998804 5.55210517031020 -0.16439563510290
 H 4.23363140966267 5.50628358146735 1.05176502147375
 H 4.00436809104885 6.44879260458421 -0.42694393881030
$end
$temperature
298.15
$end
$mult
 1
$end
$sigma
 1
$end
$pressure
1.00000
$end
$scale
1.0
$end
$msrrho
$end
$freq
3.38
13.72
17.32
23.87
25.26
29.72
33.22
39.73
40.53
47.14
52.47
57.97
59.52
61.91
67.48
77.42
101.47
103.75
117.35
119.94
122.44
125.39
128.82
130.12
137.23
143.07
146.97
196.75
198.32
203.89
206.98
222.02
223.91
226.44
232.95
237.60
244.13
250.81
258.91
266.18
269.27
293.49
294.14
304.58
308.03
350.13
354.91
377.20
409.55
444.90
446.04
487.82
489.16
498.78
513.93
536.20
564.02
574.24
587.01
619.04
665.27
713.33
718.66
739.21
747.11
774.16
776.33
810.40
811.04
827.52
827.92
863.73
871.53
882.45
885.79
918.33
926.64
943.70
944.17
947.89
949.65
980.57
981.40
1013.17
1019.87
1050.40
1051.49
1065.90
1066.97
1077.90
1091.91
1092.50
1113.25
1114.11
1118.26
1118.77
1133.53
1134.88
1137.60
1142.64
1162.54
1163.61
1182.11
1199.96
1201.44
1218.05
1219.09
1239.87
1244.00
1245.08
1246.00
1257.73
1257.93
1275.82
1278.01
1286.50
1289.36
1293.56
1296.15
1296.48
1317.66
1319.78
1322.40
1334.59
1335.06
1355.16
1355.61
1359.13
1359.54
1366.92
1376.33
1379.06
1415.17
1416.36
1416.54
1418.21
1444.27
1448.38
1484.87
1485.64
1488.11
1493.38
1494.79
1495.55
1499.15
1499.87
1500.71
1500.79
1501.98
1502.44
1505.37
1507.43
1508.62
1513.88
1514.88
1515.00
1757.92
1766.31
2927.44
2927.75
2952.69
2953.54
2957.70
2965.35
2965.90
2966.33
2970.03
2970.37
2973.86
2976.35
2978.08
2978.15
2989.90
2991.23
2992.56
2992.92
2996.14
2996.28
3000.01
3001.48
3025.26
3026.08
3030.54
3030.62
3032.53
3033.10
3038.47
3039.24
3039.59
3040.70
3047.94
3048.14
$end
