
$molecule
Br   3.69537770 -0.05155414 -1.33267144
C   1.91426651 -0.02252711 -0.69281518
C   1.03124220 0.98316922 -1.10594293
C   1.46949100 -1.00899492 0.19913203
Br   1.63196070 2.31813883 -2.31249221
C  -0.28765522 1.00353584 -0.63132201
Br   2.65903415 -2.37381700 0.76313012
C   0.15269876 -0.98279726 0.66866788
Br  -1.43858659 2.39375365 -1.22799193
C  -0.75357904 0.02213563 0.26458511
Br  -0.42295563 -2.33232478 1.87696676
C  -2.14432304 0.00948709 0.79002067
H  -2.15859975 0.08266098 1.89165428
H  -2.66604613 -0.92671248 0.52452826
H  -2.78243914 0.82642581 0.42361836
$end
$temperature
298.15
$end
$mult
1
$end
$sigma
1
$end
$pressure
1.00000
$end
$scale
1.093
$end
$msrrho
$end
$freq
32.16
37.90
55.59
114.29
117.18
125.86
130.92
136.76
157.00
209.58
224.84
253.76
314.75
320.92
338.71
398.01
540.38
586.29
592.39
594.29
695.90
719.53
799.10
922.52
1017.37
1023.42
1102.85
1145.65
1220.21
1233.02
1341.44
1342.51
1399.98
1458.85
1576.17
1599.32
2671.03
2671.33
2778.14
$end
