
$molecule
 C     1.517753  -3.961064   0.421514
 C     1.526019  -5.082760  -0.626993
 H     2.550201  -5.422080  -0.784578
 H     0.935425  -5.933336  -0.282626
 H     1.132453  -4.767397  -1.591537
 C     2.118391  -4.537778   1.712480
 H     3.145806  -4.865745   1.544946
 H     2.118844  -3.825560   2.535578
 H     1.532380  -5.401417   2.028067
 C     2.285675  -2.732561  -0.095435
 C     1.921261  -2.178022  -1.322331
 C     3.220543  -2.054077   0.678237
 C     2.416533  -0.951440  -1.720623
 C     3.686659  -0.807064   0.284063
 C     3.249430  -0.194639  -0.889513
 H     1.210219  -2.678522  -1.961756
 H     3.560817  -2.455437   1.619797
 C     0.107435  -3.407612   0.692106
 C    -0.995121  -3.738158  -0.086616
 C    -0.046713  -2.424179   1.669778
 C    -2.191060  -3.045161   0.056474
 C    -1.240779  -1.745157   1.805742
 C    -2.328070  -1.992776   0.960164
 H    -0.935592  -4.511332  -0.836563
 H     0.785137  -2.135227   2.294029
 O     3.666850   1.061121  -1.209298
 C     2.684045   2.102327  -1.214047
 H     1.760196   1.776385  -1.686249
 H     3.122586   2.888636  -1.830987
 C     2.407677   2.675097   0.168709
 H     3.326470   2.666981   0.754552
 O    -3.459770  -1.247518   1.072818
 C    -3.717887  -0.244411   0.079203
 H    -4.558848   0.310529   0.492458
 H    -4.025533  -0.707276  -0.859631
 C    -2.572175   0.730318  -0.160647
 H    -1.958893   0.852560   0.725484
 C    -3.021357   2.075260  -0.680739
 H    -2.172688   2.697484  -0.936903
 H    -3.703055   1.993064  -1.522549
 C     1.889370   4.093121   0.134952
 H     1.610158   4.443165   1.122453
 H     2.639300   4.753031  -0.297715
Br     0.288588   4.336407  -0.989924
Br    -3.989848   3.075305   0.723889
Br     1.174097   1.530009   1.216307
Br    -1.308127   0.038600  -1.540840
Br     1.934224  -0.299246  -3.448057
Br     4.906333   0.113887   1.422025
Br    -3.659288  -3.524978  -1.059148
Br    -1.381389  -0.398233   3.148597
$end
$temperature
298.15
$end
$mult
 1
$end
$sigma
 1
$end
$pressure
1.00000
$end
$scale
0.99
$end
$msrrho
$end
$freq
1.93
16.49
18.76
20.96
24.64
33.02
34.61
40.65
47.58
56.84
60.22
64.79
66.89
94.33
99.29
109.93
121.63
126.60
131.82
140.10
162.93
174.87
192.06
195.39
199.79
204.86
210.74
216.33
233.20
244.42
258.02
272.01
275.16
279.14
297.41
307.00
319.05
330.99
339.82
357.06
361.98
392.45
413.94
436.39
475.81
484.15
503.38
509.26
513.51
525.30
548.84
555.59
572.05
578.97
595.04
628.09
648.19
655.65
684.53
702.43
745.19
748.34
758.76
770.40
777.63
833.40
851.61
865.70
881.52
896.28
900.83
902.79
906.88
958.21
959.97
969.29
991.46
994.26
1013.15
1029.82
1031.86
1032.87
1082.96
1085.69
1101.90
1116.75
1139.98
1157.40
1166.71
1168.51
1179.33
1197.99
1221.65
1232.33
1244.22
1247.46
1252.28
1256.51
1260.37
1271.51
1274.62
1295.31
1299.97
1307.21
1313.89
1342.21
1357.62
1401.33
1412.11
1413.05
1423.14
1428.85
1429.71
1466.48
1474.04
1478.39
1480.51
1491.22
1496.37
1499.05
1502.94
1510.29
1520.90
1571.71
1574.39
1619.19
1624.17
3041.52
3046.90
3059.97
3062.77
3084.94
3094.56
3102.35
3108.36
3110.20
3113.75
3120.36
3121.90
3129.87
3152.21
3167.29
3189.14
3210.56
3211.55
3219.53
3221.41
$end
