
$molecule
C   1.56444547 -4.01671396 0.45099582
C   1.57024460 -5.15277427 -0.58793114
H   2.62661951 -5.42448714 -0.81930629
H   1.05267962 -6.04976022 -0.18072129
H   1.07933482 -4.85412693 -1.53848816
C   2.17166188 -4.57125690 1.75245433
H   3.17907765 -5.00049417 1.55540138
H   2.25852043 -3.79188678 2.53933021
H   1.50958491 -5.37854038 2.14408284
C   2.29291338 -2.78766890 -0.11712987
C   1.75922120 -2.20388760 -1.28167321
C   3.33354959 -2.13404495 0.55405661
C   2.16197147 -0.93540922 -1.68433593
C   3.71814124 -0.84876770 0.16427885
C   3.08508407 -0.20714215 -0.91473806
H   0.98700070 -2.72711385 -1.85330937
H   3.83415524 -2.60558373 1.40224834
C   0.17430276 -3.42560832 0.73889073
C  -0.97900193 -3.79736647 0.04127433
C   0.11070263 -2.34044283 1.63669662
C  -2.13650994 -3.01555075 0.12903310
C  -1.03864478 -1.56727024 1.72406732
C  -2.15416733 -1.85247038 0.91242252
H  -0.98656340 -4.68814553 -0.59014208
H   0.98801760 -2.06715926 2.23114095
O   3.46282292 1.08286704 -1.23143135
C   2.44518161 2.11138722 -1.06598961
H   1.46739765 1.78612978 -1.48556421
H   2.91159984 2.92568552 -1.67296615
C   2.33524252 2.49835470 0.40927570
H   3.33037316 2.36755026 0.90952635
O  -3.25049445 -1.01980359 1.01739629
C  -3.56883759 -0.18827143 -0.13111441
H  -4.50939776 0.27802456 0.26553686
H  -3.76119660 -0.82370961 -1.02121985
C  -2.49292425 0.86610845 -0.38632032
H  -1.99365230 1.16712881 0.57142516
C  -3.01486918 2.06977552 -1.14185950
H  -2.18398198 2.74676219 -1.45591497
H  -3.63256511 1.78120666 -2.02173026
C   1.83914535 3.91590860 0.59890007
H   1.64366057 4.14040983 1.67474324
H   2.55660436 4.65333620 0.17026988
Br   0.12810808 4.24388711 -0.32424298
Br  -4.16744526 3.17203934 0.01418723
Br   1.12725288 1.24766269 1.36886117
Br  -1.01954485 0.10713557 -1.49759175
Br   1.42153010 -0.21397217 -3.28293715
Br   5.08889595 0.04488593 1.13226782
Br  -3.68461711 -3.55242313 -0.83176513
Br  -1.06410065 -0.08650226 2.92058458
$end
$temperature
298.15
$end
$mult
1
$end
$sigma
1
$end
$pressure
1.00000
$end
$scale
1.093
$end
$msrrho
$end
$freq
14.40
16.31
21.07
26.89
28.28
37.54
44.66
50.87
52.24
56.54
61.96
81.97
90.77
93.81
99.36
107.99
119.99
129.90
132.66
136.79
157.64
161.96
166.55
168.72
186.53
194.67
203.92
211.43
215.08
225.68
249.47
258.72
268.21
276.80
277.65
303.12
314.09
320.97
339.43
345.40
355.07
392.23
400.67
428.65
468.41
478.45
479.82
490.22
506.25
509.98
529.68
536.79
568.53
581.92
610.15
619.20
650.42
660.74
673.79
713.81
717.29
731.01
741.52
745.28
769.23
821.62
830.69
895.17
911.17
921.48
926.11
928.16
932.77
955.78
959.73
962.24
981.10
985.54
1003.27
1007.44
1035.68
1046.61
1084.80
1093.35
1093.57
1116.91
1123.54
1127.73
1129.05
1136.49
1158.31
1159.72
1165.81
1181.24
1183.90
1197.88
1209.11
1222.96
1224.85
1249.64
1252.56
1256.05
1267.30
1291.67
1299.74
1305.36
1310.31
1329.24
1330.54
1344.67
1348.99
1351.41
1358.10
1367.15
1372.41
1374.04
1384.27
1400.69
1421.88
1434.96
1438.23
1490.25
1499.37
1603.15
1604.29
1626.66
1630.68
2617.83
2618.56
2621.73
2622.65
2648.98
2651.39
2661.88
2662.89
2669.24
2671.25
2730.33
2732.83
2735.15
2739.64
2739.78
2740.44
2742.26
2748.07
2853.49
2856.43
$end
