
$molecule
 C -0.00018211759696 -2.84683623606706 0.00000227156563
 C 0.31790391332276 -3.74584148191579 1.20759254036585
 H -0.55044419537917 -4.34705834746903 1.47434412882261
 H 1.13877106067622 -4.42636293187372 0.98535965710703
 H 0.58911749779605 -3.15315637580084 2.07995119706955
 C -0.31841938540011 -3.74577929808027 -1.20759439837209
 H 0.54982714372655 -4.34714132148375 -1.47434944305385
 H -1.13940196576712 -4.42616322951299 -0.98536684686491
 H -0.58953177321926 -3.15304221624806 -2.07994920303571
 C 1.17048174526027 -1.92504707003983 -0.36598099003278
 C 0.94797011789595 -0.91403081465609 -1.29838899051644
 C 2.39864738817450 -1.95138920875606 0.29134386983675
 C 1.87827300810880 0.06698496594069 -1.52276163673701
 C 3.33960063878030 -0.97665691745997 0.06658104519740
 C 3.09236368413681 0.07329283689471 -0.82700116758686
 H -0.00069818404472 -0.85325484849578 -1.80331400248207
 H 2.61798558577837 -2.71981172832165 1.01136169089271
 C -1.17069078721004 -1.92485257888076 0.36599211388079
 C -0.94800982189694 -0.91388311403843 1.29841044880318
 C -2.39885862118857 -1.95097877447819 -0.29133735681090
 C -1.87814594748323 0.06728947453891 1.52278885164023
 C -3.33964628197318 -0.97608799301112 -0.06656863472892
 C -3.09223318170649 0.07381110895084 0.82702433765566
 H 0.00066731715434 -0.85327330147347 1.80333884946951
 H -2.61832525581969 -2.71935659885989 -1.01136374690048
 O 3.98343680819479 1.15590770182316 -0.97172203770796
 C 4.01098554498929 2.03349246436705 0.15720705195944
 H 4.51405264206270 1.50791609138017 0.97535593345597
 H 4.65499602247179 2.87744187041008 -0.11607902513822
 O -3.98312146308013 1.15657702813298 0.97175274297969
 C -4.01051937893075 2.03417722185307 -0.15716824167997
 H -4.51368162973477 1.50869722841496 -0.97532050360668
 H -4.65438080264213 2.87823689242470 0.11612857564495
 C 2.66631731384675 2.50362316775207 0.58630087812426
 H 2.27314125752548 3.39352124136848 0.12299428551636
 C 1.91168744581742 1.81231605740730 1.41445949633480
 H 2.26385565338945 0.89380659133590 1.83934573148292
 H 0.91620864453228 2.11505488966223 1.67467030849703
 C -2.66577051112915 2.50407688037968 -0.58626254999471
 H -2.27244398361211 3.39391139414113 -0.12296153369661
 C -1.91125738781051 1.81263674502711 -1.41441638594083
 H -2.26358141562509 0.89418473151576 -1.83929756481522
 H -0.91572694577427 2.11520496298252 -1.67462802865179
Br 4.98062484896512 -0.99284832321130 0.97361081554378
Br 1.52183522193604 1.49170018169675 -2.68949096131156
Br -1.52146813248939 1.49193398848098 2.68953111424132
Br -4.98066933501288 -0.99199000673281 -0.97360568642279
$end
$temperature
298.15
$end
$mult
 1
$end
$sigma
 1
$end
$pressure
1.00000
$end
$scale
1.03
$end
$msrrho
$end
$freq
9.78
18.10
30.97
35.33
36.93
44.23
49.36
59.54
60.12
72.64
74.18
79.03
82.19
92.95
94.68
101.41
132.03
145.46
160.27
161.11
171.09
184.89
200.48
208.73
220.00
241.51
258.28
268.41
273.48
284.55
290.63
303.87
320.13
356.79
361.21
401.62
407.73
425.12
444.98
453.45
456.69
468.53
490.45
490.68
523.13
554.32
563.56
581.33
581.55
632.61
679.99
691.10
702.85
708.93
715.12
716.53
718.07
725.12
725.56
768.51
777.33
778.76
787.50
794.46
825.93
855.50
859.95
869.64
875.49
875.59
894.35
931.77
931.78
935.50
1026.36
1034.99
1058.07
1067.75
1087.57
1087.67
1094.82
1144.17
1144.21
1181.50
1184.64
1194.04
1196.16
1203.54
1224.86
1265.06
1265.11
1333.43
1333.47
1358.60
1359.61
1362.06
1366.24
1366.76
1366.85
1367.98
1373.17
1396.85
1399.09
1411.34
1411.47
1425.97
1425.98
1498.89
1499.72
1596.76
1597.33
1620.65
1622.21
1664.86
1664.89
2954.26
2954.29
2979.71
2979.77
2991.70
2991.70
3042.30
3042.63
3044.19
3045.91
3155.74
3155.75
3176.68
3176.69
3179.25
3179.25
3184.58
3184.58
3242.41
3242.41
$end
