
$molecule
C  -0.00027586 -2.95447109 0.00006015
C   0.20318969 -3.85101756 1.23644686
H  -0.75596244 -4.36958331 1.47019750
H   0.98066330 -4.62107397 1.03933801
H   0.49566612 -3.25034029 2.12516394
C  -0.20375678 -3.85118088 -1.23614370
H   0.75534936 -4.36991762 -1.46967938
H  -0.98136972 -4.62109607 -1.03897169
H  -0.49599478 -3.25054246 -2.12497188
C   1.18234593 -2.02053869 -0.29391816
C   0.98302631 -0.99407595 -1.24002258
C   2.40838598 -2.10815754 0.37166991
C   1.95457293 -0.02134688 -1.43886349
C   3.38307834 -1.12430438 0.17702326
C   3.15218236 -0.05128754 -0.69646190
H   0.04354328 -0.94377064 -1.79836135
H   2.61484699 -2.93328162 1.05638527
C  -1.18247645 -2.02032149 0.29387755
C  -0.98307805 -0.99390436 1.24000328
C  -2.40850475 -2.10762574 -0.37177584
C  -1.95443012 -0.02102199 1.43885055
C  -3.38309099 -1.12367077 -0.17710918
C  -3.15201361 -0.05072977 0.69639210
H  -0.04357166 -0.94370423 1.79826097
H  -2.61507926 -2.93262872 -1.05657184
O   4.08945552 0.94120140 -0.89108634
C   4.07388435 2.01061964 0.11590712
H   4.41348574 1.57804975 1.08166679
H   4.83866110 2.68400186 -0.33738327
O  -4.08919488 0.94181310 0.89112523
C  -4.07352440 2.01136392 -0.11572296
H  -4.41331783 1.57900698 -1.08150186
H  -4.83810971 2.68485706 0.33773211
C   2.72114115 2.65373732 0.21296414
H   2.54448885 3.46293835 -0.49839184
C   1.78564081 2.25485722 1.07365887
H   1.93611843 1.43464235 1.77542208
H   0.80086671 2.72212846 1.11814296
C  -2.72067980 2.65419688 -0.21285601
H  -2.54378247 3.46334080 0.49850256
C  -1.78530121 2.25514076 -1.07359359
H  -1.93601472 1.43498871 -1.77537345
H  -0.80041882 2.72220508 -1.11817781
Br   5.03023433 -1.25018802 1.11523840
Br   1.65184405 1.36240099 -2.70687960
Br  -1.65154603 1.36257877 2.70697344
Br  -5.03023520 -1.24920805 -1.11538923
$end
$temperature
298.15
$end
$mult
1
$end
$sigma
1
$end
$pressure
1.00000
$end
$scale
1.093
$end
$msrrho
$end
$freq
13.52
18.19
35.44
36.04
41.16
45.49
51.02
60.28
68.35
91.98
97.09
99.00
100.48
108.63
125.55
131.12
148.21
159.87
168.31
170.95
198.57
222.70
224.62
229.85
241.57
261.81
265.85
271.83
301.06
308.90
312.04
328.64
333.75
393.30
397.63
421.05
433.39
468.45
468.69
480.97
491.73
494.53
522.32
531.02
574.16
620.23
632.36
641.42
657.39
717.62
729.11
736.32
743.46
747.66
771.29
894.21
915.20
920.81
922.46
923.28
925.08
931.49
935.79
946.02
947.64
960.82
977.43
985.27
986.06
988.00
1030.67
1032.13
1067.09
1072.43
1073.52
1076.11
1117.95
1119.51
1127.50
1131.52
1168.65
1191.92
1192.10
1204.02
1219.30
1254.49
1255.69
1272.99
1273.32
1287.42
1292.07
1296.82
1299.74
1350.26
1350.52
1351.52
1357.14
1367.97
1370.71
1377.45
1379.80
1397.10
1403.39
1404.36
1415.60
1436.80
1437.27
1488.39
1494.07
1602.21
1605.17
1628.21
1631.33
1783.66
1783.74
2640.23
2640.30
2661.91
2663.57
2670.52
2671.29
2692.88
2694.11
2733.55
2735.66
2740.82
2741.12
2749.99
2750.35
2753.75
2754.01
2813.62
2814.24
2852.28
2854.91
$end
