
$molecule
Br  -1.82143822 2.69307258 0.53830455
C  -0.77531509 1.14635638 0.22914764
C   0.62278165 1.24521741 0.17150671
C  -1.39808519 -0.09884349 0.05764111
Br   1.46302672 2.92529781 0.40282154
C   1.39811937 0.09886108 -0.05760559
Br  -3.28445787 -0.23220674 0.13533717
C  -0.62275118 -1.24520579 -0.17147189
Br   3.28448987 0.23222858 -0.13534987
C   0.77535286 -1.14634307 -0.22911269
Br  -1.46299441 -2.92527545 -0.40283305
Br   1.82147030 -2.69305107 -0.53831546
$end
$temperature
298.15
$end
$mult
1
$end
$sigma
1
$end
$pressure
1.00000
$end
$scale
1.093
$end
$msrrho
$end
$freq
32.75
32.82
44.33
110.45
110.45
116.70
121.48
121.49
137.23
208.57
208.58
249.40
259.05
320.82
320.93
520.51
588.34
588.35
593.92
594.06
724.93
806.22
806.23
986.89
1132.43
1299.73
1391.74
1391.75
1578.97
1578.97
$end
