
$molecule
Br   2.09532525 -2.58734271 -1.58043640
C   0.91532780 -2.51773044 -0.15152317
C   0.66353228 -1.24647463 0.39730548
C   0.29387403 -3.62504672 0.35514455
O   1.26254673 -0.20340621 -0.28166037
C  -0.24088254 -1.15775816 1.44629214
Br   0.49752607 -5.37630694 -0.22933426
C  -0.59473664 -3.52090584 1.41754960
C   1.82050307 0.80863807 0.47481449
Br  -0.79240232 0.38457802 2.32838484
C  -0.85781525 -2.29294864 1.95489110
Br  -1.30121207 -5.15762320 1.92959473
C   1.59899798 2.10270190 -0.03218927
C   2.66357111 0.67360779 1.56899414
Br  -2.01549041 -1.92267598 3.35797821
Br   0.50258770 2.23540565 -1.52191894
C   2.18918211 3.18633908 0.55643203
Br   3.16561479 -0.90598113 2.41398294
C   3.24910886 1.78502745 2.16045687
Br   2.01715544 4.96144284 0.03737683
C   3.01573834 3.03534798 1.66240172
Br   4.32503923 1.35325380 3.61025095
Br   3.68991223 4.64754637 2.28408197
$end
$temperature
298.15
$end
$mult
1
$end
$sigma
1
$end
$pressure
1.00000
$end
$scale
0.953
$end
$msrrho
$end
$freq
5.71
9.50
18.01
39.23
40.31
45.19
46.30
56.06
56.42
82.92
95.54
96.20
107.45
112.45
118.07
140.84
171.48
173.77
187.17
193.93
216.17
219.59
231.17
240.17
247.77
264.06
265.98
287.37
287.99
306.92
329.01
430.89
445.76
558.31
565.34
594.68
595.77
615.77
624.19
625.28
653.30
751.56
761.81
795.03
838.72
876.94
879.00
994.43
1036.03
1191.54
1233.98
1361.07
1374.85
1501.28
1508.89
1550.57
1560.55
1575.63
1600.97
1794.96
1801.42
1823.85
1831.60
$end
