
$molecule
O   1.05205124 -0.57409942 -0.05039620
C   0.77237198 -0.31275554 1.10134420
C   1.70183106 -0.16381085 2.24171651
O  -0.49946261 -0.09513926 1.50580027
C   1.92717089 1.08932895 2.80500224
C   2.34941703 -1.27275792 2.76234557
C  -1.52886857 -0.25021510 0.54260597
C   1.21642982 2.27843439 2.28789837
C   2.82848406 1.21595477 3.84990592
Br   2.00565596 -3.00746181 2.04252385
C   3.23537601 -1.13968657 3.81328666
C  -2.85300781 -0.09883976 1.30526267
H  -1.42595284 0.52638516 -0.25422915
H  -1.45663477 -1.23291506 0.02438455
C  -3.02442729 1.34392718 1.79339683
C  -2.95284432 -1.06494236 2.48890622
H  -3.67195280 -0.34017536 0.57677003
C  -3.20655954 2.30233691 0.61902230
H  -3.89844337 1.41878139 2.47496859
H  -2.15964741 1.64705339 2.42136947
C  -2.76351404 -2.51229593 2.06692513
H  -3.94439312 -0.94623008 2.97795054
H  -2.22170686 -0.79697196 3.28040574
C  -3.20094943 3.75189429 1.09664574
H  -4.15010604 2.07764777 0.07782235
H  -2.40672488 2.14406862 -0.13862770
C  -3.38821192 4.70414595 -0.07327652
H  -3.99578631 3.91351406 1.85506150
H  -2.25367134 3.98279854 1.62999258
H  -4.33900527 4.53795468 -0.59989207
H  -3.38744760 5.75502571 0.25045991
H  -2.58901969 4.60444352 -0.82266755
H  -3.05070030 -3.20761984 2.86998779
H  -3.37007649 -2.78030134 1.18998342
H  -1.71837123 -2.74959719 1.82139661
O   1.65983833 2.58320570 1.04732433
O   0.34534800 2.91710359 2.84139852
Br   3.19755004 2.93576038 4.59260226
C   3.47957810 0.10737746 4.35414635
Br   4.11985575 -2.67139495 4.51633078
C   1.11932365 3.73648409 0.42339600
Br   4.71144446 0.29575846 5.79279870
C   1.90234001 3.92024437 -0.88467711
H   0.02875492 3.58991998 0.22896239
H   1.19586386 4.62954803 1.08373996
C   1.57282246 2.78965632 -1.86571677
C   3.41411996 3.98296586 -0.65028625
H   1.56791559 4.89736479 -1.32401203
C   0.12231733 2.87542184 -2.33426672
H   2.25166760 2.83158278 -2.74402862
H   1.78192583 1.80119147 -1.40385636
C   3.79771153 5.07222013 0.33720539
H   3.80203284 3.00046175 -0.30813279
H   3.92958512 4.16041185 -1.61941363
C  -0.24943265 1.65578962 -3.17313767
H  -0.04342495 3.80794666 -2.91442681
H  -0.56254597 2.96515482 -1.46150961
C  -1.69330468 1.74441490 -3.64000643
H  -0.09160191 0.72096873 -2.59325587
H   0.43169569 1.56254573 -4.04518707
H  -2.40045002 1.78932735 -2.79847741
H  -1.98107072 0.87413114 -4.24740723
H  -1.87923228 2.63461244 -4.25801250
H   4.88252189 5.25669438 0.33321988
H   3.53882602 4.81512263 1.37441428
H   3.31634956 6.03501849 0.11346698
$end
$temperature
298.15
$end
$mult
1
$end
$sigma
1
$end
$pressure
1.00000
$end
$scale
1.0
$end
$msrrho
$end
$freq
9.02
10.45
15.84
17.14
26.55
29.02
34.29
39.74
41.93
43.91
48.00
59.35
65.30
69.52
83.19
85.74
91.15
100.04
103.02
105.78
114.39
118.43
130.19
136.13
141.16
145.75
155.32
175.57
182.08
201.59
204.59
208.92
215.71
234.07
235.90
250.66
256.13
268.47
268.91
275.88
284.36
313.40
313.86
337.35
338.45
361.81
362.77
384.02
422.97
490.73
493.58
499.61
529.69
530.26
540.58
551.83
593.67
595.54
655.37
665.51
702.88
731.89
753.60
757.49
791.80
792.47
828.74
860.30
860.82
869.45
871.19
901.90
926.91
927.23
958.21
963.60
970.92
972.11
979.58
982.66
987.90
1045.26
1046.04
1069.50
1069.93
1097.69
1100.91
1121.74
1122.07
1127.23
1127.64
1143.02
1143.06
1151.70
1151.88
1157.08
1157.38
1165.88
1167.73
1174.81
1175.82
1183.68
1184.23
1189.33
1191.91
1195.08
1212.51
1214.62
1221.06
1223.47
1244.77
1245.14
1260.47
1268.46
1281.38
1281.73
1294.89
1294.98
1298.49
1299.45
1299.58
1304.77
1304.86
1308.08
1308.18
1309.57
1311.26
1318.67
1319.07
1323.04
1323.37
1327.76
1327.82
1334.21
1334.80
1343.03
1343.60
1344.68
1345.20
1350.97
1352.86
1359.03
1369.23
1369.48
1370.94
1374.32
1376.66
1387.06
1387.34
1410.72
1477.27
1486.07
1549.23
1607.49
1724.55
1749.43
1981.24
1984.82
2869.29
2869.43
2881.79
2881.81
2914.30
2918.14
2931.75
2931.85
2935.37
2935.46
2938.36
2938.56
2945.80
2947.86
2980.44
2982.72
2992.71
2992.76
2993.33
2993.50
2997.03
2997.46
3020.94
3021.04
3023.31
3023.47
3026.86
3026.91
3027.84
3027.91
3082.45
3082.54
3084.05
3084.13
$end
