
$molecule
Br   3.66652539 -0.05164245 -1.32192866
C   1.90980195 -0.02329512 -0.69057715
C   1.02925546 0.98362564 -1.10551918
C   1.46795612 -1.01002023 0.20047710
Br   1.62565018 2.29655142 -2.29421664
C  -0.29005978 1.00467539 -0.63123877
Br   2.64449078 -2.35221595 0.75262882
C   0.14973459 -0.98706708 0.67294520
Br  -1.42353080 2.37763137 -1.22176721
C  -0.74195200 0.01977107 0.26206075
Br  -0.40268374 -2.32492745 1.86393992
C  -2.13324161 0.02101589 0.77746940
H  -2.12935672 0.10320261 1.89454994
H  -2.64949384 -0.93150563 0.49318019
H  -2.73250012 0.87281274 0.37092069
$end
$temperature
298.15
$end
$mult
1
$end
$sigma
1
$end
$pressure
1.00000
$end
$scale
0.961
$end
$msrrho
$end
$freq
32.39
38.86
57.42
113.98
132.70
133.66
142.00
142.78
164.58
218.96
234.23
257.67
306.89
348.98
361.18
411.42
567.27
589.95
638.12
645.77
735.37
792.45
857.29
1018.61
1050.37
1069.37
1210.81
1349.77
1368.74
1377.29
1422.59
1443.18
1501.81
1578.09
1708.55
1725.83
3037.14
3041.46
3138.56
$end
