
$molecule
H   2.27912924 1.37738280 1.98529892
C   2.56320118 0.36609593 1.64836263
C   1.57995167 -0.29994807 0.75288066
C   3.70231453 -0.21340633 2.01718624
O   0.48241648 0.62848397 0.59830834
H   2.02226125 -0.51112786 -0.25699507
H   1.19396085 -1.25266776 1.20354978
C  -0.54434507 0.13831290 -0.18968285
C  -0.56162402 0.41255533 -1.57124482
C  -1.62989434 -0.53149362 0.40805575
Br   0.83776997 1.30468775 -2.44270382
C  -1.66187658 0.02185405 -2.33878792
Br  -1.68929089 -0.92791585 2.23917825
C  -2.72114876 -0.91432481 -0.37607418
H  -1.68023731 0.24069262 -3.42075668
C  -2.73695844 -0.64163697 -1.74500904
H  -3.57562119 -1.43437274 0.09117218
Br  -4.20187493 -1.16376598 -2.78455898
H   3.99534418 -1.21907763 1.68856927
H   4.42139263 0.28743809 2.67833999
$end
$temperature
298.15
$end
$mult
1
$end
$sigma
1
$end
$pressure
1.00000
$end
$scale
0.961
$end
$msrrho
$end
$freq
16.29
29.93
41.58
88.92
99.43
117.39
129.26
155.31
165.86
244.62
259.33
274.98
330.12
379.38
473.71
481.63
534.33
546.02
562.16
576.24
744.57
792.10
815.09
900.62
951.83
956.27
961.55
980.66
1042.58
1057.86
1182.86
1209.97
1230.73
1259.09
1260.27
1274.18
1319.02
1368.70
1376.55
1393.41
1434.88
1463.10
1520.76
1631.02
1721.60
1742.07
1866.13
3025.25
3082.86
3156.78
3157.08
3159.79
3181.63
3215.27
$end
