
$molecule
Br   3.66954444 -0.04965040 -1.32439768
C   1.92512648 -0.02346380 -0.69607234
C   1.03879041 0.95454965 -1.08757697
C   1.46599236 -0.98150016 0.18024654
Br   1.40810631 2.35245287 -2.25469282
C  -0.26035517 0.97111703 -0.61749294
Br   2.44953549 -2.40281256 0.86226938
C   0.16598474 -0.95560952 0.64375568
Br  -1.23584783 2.40159057 -1.30930435
C  -0.75436412 0.01853669 0.26777753
Br  -0.19682985 -2.35924022 1.81245991
C  -2.14273038 0.02657036 0.77730108
H  -2.15140726 0.10476327 1.87315758
H  -2.65861117 -0.90509004 0.50713856
H  -2.72145042 0.86689276 0.37101790
$end
$temperature
298.15
$end
$mult
1
$end
$sigma
1
$end
$pressure
1.00000
$end
$scale
0.953
$end
$msrrho
$end
$freq
112.99
46.83
47.26
78.81
79.65
112.79
127.74
163.98
194.58
216.63
232.72
255.26
263.64
282.46
315.68
406.57
537.74
594.98
604.44
608.52
733.23
784.55
847.26
997.08
999.51
1027.09
1189.47
1364.35
1372.07
1391.88
1406.47
1483.14
1526.66
1641.67
1777.28
1840.52
3068.80
3077.87
3163.20
$end
