
$molecule
Br -1.80512337556503 2.66894593812597 0.53345718598435
 C -0.76571804396614 1.13216227684170 0.22629439024955
 C 0.61506316007936 1.22978868117369 0.16937769207443
 C -1.38076454299563 -0.09761775598917 0.05692489901605
Br 1.44992727177669 2.89908967580962 0.39927437029900
 C 1.38079803846360 0.09763491125924 -0.05690776477492
Br -3.25503446773302 -0.23013338025751 0.13417947217528
 C -0.61502965565537 -1.22977144948381 -0.16936092591154
Br 3.25506815794514 0.23014974974353 -0.13415900968594
 C 0.76575150516994 -1.13214491787118 -0.22627865288988
Br -1.44989362451358 -2.89907260956367 -0.39925697223059
Br 1.80515657699404 -2.66892811978840 -0.53344468430580
$end
$temperature
298.15
$end
$mult
 1
$end
$sigma
 1
$end
$pressure
1.00000
$end
$scale
1.03
$end
$msrrho
$end
$freq
33.66
33.66
40.85
85.15
85.15
90.21
90.21
93.50
110.18
161.62
161.62
186.39
217.00
257.61
257.61
380.42
475.10
475.10
578.94
578.94
784.75
784.75
798.79
1071.51
1137.30
1285.34
1285.35
1520.69
1520.69
1543.46
$end
