
$molecule
Br 2.80968519908307 1.09862194917986 3.10644811035158
 C 1.33969514524771 0.72306216307444 1.99047300569466
 C 0.10134913544219 0.43464104073381 2.55685727145600
 C 1.48161139843227 0.73104045504665 0.60426131008111
Br -0.10201596982183 0.40751646214506 4.42906183227392
 C -0.98721933471995 0.17125576698216 1.73040047472326
Br 3.18106702377963 1.15701473580996 -0.11078763523027
 C 0.41159008310591 0.44711940365101 -0.24561519726166
Br -2.66819028381431 -0.20022821745761 2.49430301715466
 C -0.82457082767826 0.18410568683937 0.34653445056156
 C 0.57177664486475 0.47413566657963 -1.73447308676324
Br -2.34574044932341 -0.15313608605612 -0.72741927501109
 C 0.29989933215846 1.87787002110461 -2.28133190124260
 H -0.12146021105599 -0.23207681097723 -2.19285820916760
 H 1.58529849280459 0.17289212866746 -2.00182130708792
 H 0.42032430925610 1.87894666322990 -3.36062477572835
 H -0.71475866109230 2.19142291816100 -2.04708625769357
 H 0.99576097333138 2.59719405328604 -1.85582382711047
$end
$temperature
298.15
$end
$mult
 1
$end
$sigma
 1
$end
$pressure
1.00000
$end
$scale
1.0
$end
$msrrho
$end
$freq
36.53
42.59
59.08
71.74
115.03
125.58
128.16
134.90
139.77
192.32
201.52
205.06
218.90
224.23
317.89
338.96
347.41
417.89
521.53
528.15
554.68
561.29
630.00
660.37
747.31
829.62
858.90
990.88
1050.75
1075.97
1077.28
1201.31
1221.35
1287.32
1302.08
1313.28
1357.04
1412.77
1480.02
1480.42
1491.16
1493.24
1505.59
2993.52
3001.77
3041.47
3043.64
3058.38
$end
