
$molecule
Br   2.38329981 -2.82137915 -1.30446865
C   1.02482596 -2.55393227 -0.04459953
C   0.65733354 -1.26636632 0.40256047
C   0.35312526 -3.66874728 0.47248883
O   1.26208472 -0.20380433 -0.26421181
C  -0.37031572 -1.09198217 1.34445571
Br   0.80889772 -5.38514607 -0.10762145
C  -0.65764186 -3.50735516 1.43083627
C   1.82662213 0.82830328 0.48102244
Br  -0.92976136 0.59444624 1.92541653
C  -1.01522008 -2.22554343 1.86449289
Br  -1.52826741 -5.00512295 2.12667137
C   1.48374534 2.13440275 0.06949981
C   2.79900578 0.61216619 1.47168068
Br  -2.36774571 -2.02757647 3.13825361
Br   0.19893247 2.45759601 -1.25302030
C   2.12345553 3.22503858 0.67171876
Br   3.32619642 -1.09844400 2.01061031
C   3.41170022 1.72143947 2.07617515
Br   1.69908940 4.96543632 0.14139678
C   3.07796161 3.02121100 1.67844318
Br   4.68893202 1.46700524 3.41591995
Br   3.90538842 4.48649818 2.48704316
$end
$temperature
298.15
$end
$mult
1
$end
$sigma
1
$end
$pressure
1.00000
$end
$scale
0.961
$end
$msrrho
$end
$freq
10.78
14.94
16.05
31.14
33.80
34.67
40.68
44.76
54.10
93.08
133.92
134.29
135.30
135.94
143.24
144.37
145.48
156.55
165.94
181.72
219.25
219.44
234.06
239.19
258.32
258.62
310.71
341.10
349.82
350.30
385.11
438.86
485.09
574.76
575.79
626.05
636.62
647.25
647.74
659.71
664.35
768.27
768.39
795.67
853.24
861.23
864.00
1011.57
1058.39
1210.20
1254.71
1340.36
1347.59
1433.90
1450.37
1498.01
1509.41
1572.06
1589.94
1702.06
1705.73
1711.33
1721.61
$end
