
$molecule
H   2.03105433 1.71552520 1.05021059
C   2.54501927 0.75479295 0.93663892
C   1.63607074 -0.43249338 1.01532460
C   3.86186109 0.65233318 0.77358173
O   0.26034780 0.06056588 1.12972477
H   1.73805778 -1.13137277 0.16078930
H   1.73805715 -0.95220807 2.00208889
C  -0.62363852 -0.16200211 0.11060441
C  -0.41320367 0.15700805 -1.24430347
C  -1.88612352 -0.66734189 0.51011821
Br   1.21415928 0.90923739 -1.86366714
C  -1.43183393 -0.03613598 -2.18383950
Br  -2.23123520 -1.12651270 2.32161965
C  -2.90776053 -0.84203687 -0.42097391
H  -1.26260516 0.21004105 -3.23828900
C  -2.66565692 -0.53340626 -1.76427710
H  -3.88567328 -1.22421152 -0.10695075
Br  -4.05088412 -0.79467427 -3.04229093
H   4.37327685 -0.30138341 0.66207300
H   4.50660559 1.52954948 0.74012032
$end
$temperature
298.15
$end
$mult
1
$end
$sigma
1
$end
$pressure
1.00000
$end
$scale
1.093
$end
$msrrho
$end
$freq
20.09
43.37
56.26
103.55
114.32
123.94
155.39
156.57
188.17
224.25
255.43
291.03
299.61
366.58
388.56
437.69
491.70
521.54
543.48
557.03
673.48
708.12
746.36
826.91
892.52
919.85
935.11
938.28
1009.58
1043.84
1058.72
1091.66
1124.96
1143.35
1180.43
1211.59
1262.34
1280.05
1285.02
1331.42
1356.46
1403.57
1430.68
1466.15
1602.63
1608.35
1793.84
2632.59
2701.67
2726.61
2729.65
2736.98
2748.03
2822.50
$end
