
$molecule
Br 3.66493108804935 -0.04663156317418 -1.32484618253905
 C 1.89617598739784 -0.02371106126144 -0.68518263769338
 C 1.02263663919373 0.97041721806831 -1.09334484114932
 C 1.46433531020999 -1.00122135683228 0.19529291207154
Br 1.61642580009209 2.29437383710163 -2.28913917611320
 C -0.27792237018952 0.98812434590143 -0.62364798940225
Br 2.65205846331265 -2.34998863503955 0.74815647037124
 C 0.16439728525373 -0.98412429640519 0.66520466747359
Br -1.45201831262785 2.34825371031688 -1.18977923268344
 C -0.72627373584152 0.00957638901911 0.26364591623150
Br -0.42457331451605 -2.31288722776839 1.86287934817950
 C -2.12102145229579 0.01185723577588 0.77976112796786
 H -2.12918850351696 0.09386394696860 1.86696134528514
 H -2.63408589528071 -0.91072356427922 0.50698598416690
 H -2.69637798924100 0.84562002160842 0.37745328783338
$end
$temperature
298.15
$end
$mult
 1
$end
$sigma
 1
$end
$pressure
1.00000
$end
$scale
1.03
$end
$msrrho
$end
$freq
53.02
33.48
37.44
68.56
86.46
88.92
94.15
95.29
124.11
161.61
174.82
204.01
217.89
260.24
269.32
323.03
432.00
498.34
545.82
583.11
604.29
776.18
776.92
864.68
975.59
992.61
1092.05
1159.23
1294.77
1312.35
1341.16
1342.75
1436.76
1530.79
1541.88
1551.20
2978.03
3040.46
3044.13
$end
