
$molecule
 O     0.696159   0.156310  -0.012321
 C     0.479585  -0.207607   1.115850
 C     1.509731  -0.104560   2.210109
 O    -0.661043  -0.699428   1.577315
 C     1.904071   1.167643   2.617622
 C     2.101678  -1.231177   2.772123
 C    -1.768992  -0.852491   0.650707
 C     1.227036   2.353812   1.982096
 C     2.856549   1.313959   3.621111
Br     1.599987  -2.942974   2.116357
 C     3.073911  -1.094129   3.768965
 C    -3.057740  -0.515883   1.382880
 H    -1.599911  -0.203965  -0.203992
 H    -1.750648  -1.887170   0.308260
 C    -3.106137   0.954555   1.821934
 C    -3.318988  -1.445814   2.576977
 H    -3.853455  -0.680405   0.643732
 C    -2.957495   1.975639   0.697461
 H    -4.061376   1.120221   2.330553
 H    -2.325459   1.131683   2.566575
 C    -3.368042  -2.934032   2.239046
 H    -4.269621  -1.147315   3.027708
 H    -2.552449  -1.267551   3.335828
 C    -3.151170   3.413848   1.171541
 H    -3.676289   1.755322  -0.101563
 H    -1.963729   1.893837   0.251027
 C    -2.968832   4.436032   0.052808
 H    -4.150699   3.520037   1.606950
 H    -2.436808   3.616885   1.973486
 H    -3.678727   4.264054  -0.760738
 H    -3.116819   5.455747   0.414482
 H    -1.965006   4.374754  -0.373180
 H    -3.671460  -3.518164   3.109724
 H    -4.084507  -3.137078   1.438221
 H    -2.394506  -3.312065   1.921397
 O     2.071097   3.035773   1.221513
 O     0.056989   2.593035   2.143039
Br     3.292156   3.067357   4.210856
 C     3.444394   0.186701   4.205481
Br     3.878580  -2.631891   4.523507
 C     1.574918   4.208648   0.523055
Br     4.734441   0.394808   5.574443
 C     2.225384   4.262696  -0.849662
 H     0.492297   4.145883   0.463108
 H     1.837940   5.071519   1.134945
 C     1.815120   3.074666  -1.731375
 C     3.755093   4.377670  -0.774412
 H     1.837857   5.181963  -1.309417
 C     0.314142   2.921670  -1.961628
 H     2.314623   3.188577  -2.698921
 H     2.201894   2.151564  -1.291422
 C     4.275463   5.573887   0.019112
 H     4.156752   3.453751  -0.349846
 H     4.134089   4.432588  -1.798769
 C    -0.024262   1.814087  -2.956403
 H    -0.105750   3.871038  -2.316700
 H    -0.185481   2.696847  -1.016383
 C    -1.526730   1.641743  -3.162742
 H     0.406406   0.876486  -2.595722
 H     0.455820   2.031109  -3.916783
 H    -2.024241   1.389023  -2.223881
 H    -1.743592   0.847703  -3.880382
 H    -1.983643   2.562441  -3.535470
 H     5.360371   5.654076  -0.069742
 H     4.045215   5.488578   1.082737
 H     3.843518   6.510716  -0.343720
$end
$temperature
298.15
$end
$mult
 1
$end
$sigma
 1
$end
$pressure
1.00000
$end
$scale
0.99
$end
$msrrho
$end
$freq
4.16
18.61
23.24
25.45
29.26
33.25
35.90
42.66
45.56
46.09
56.35
60.06
69.66
74.62
87.17
91.41
94.86
110.65
113.26
119.25
121.00
140.25
143.58
143.64
151.32
154.21
158.49
206.87
208.09
212.69
213.58
224.99
230.49
235.45
235.63
249.53
249.68
258.24
260.79
269.32
273.24
303.61
303.89
305.51
305.96
353.73
355.24
390.59
448.51
460.78
460.99
500.81
501.30
519.42
550.18
559.32
579.93
582.33
654.20
663.23
739.27
740.59
751.99
755.10
773.48
780.16
780.97
805.38
810.03
818.30
822.38
842.24
845.19
888.87
889.57
907.88
909.23
913.73
916.60
943.03
944.41
955.91
957.47
1007.59
1008.51
1018.86
1019.49
1048.57
1048.69
1055.08
1055.28
1077.41
1077.99
1100.86
1104.92
1112.13
1146.38
1146.84
1159.01
1164.99
1182.13
1184.41
1186.22
1240.47
1243.30
1252.23
1257.64
1267.72
1273.18
1274.08
1289.96
1296.88
1300.95
1301.94
1316.95
1318.12
1328.43
1330.24
1343.97
1345.27
1345.32
1376.35
1378.25
1385.85
1390.79
1390.94
1393.42
1393.53
1406.50
1407.40
1411.08
1412.88
1414.89
1417.33
1417.50
1420.06
1484.37
1485.43
1487.76
1489.31
1492.84
1493.70
1497.54
1498.41
1498.97
1499.47
1501.58
1501.95
1506.45
1506.94
1510.25
1512.60
1523.64
1523.87
1540.94
1560.76
1774.62
1774.97
2985.47
2985.65
2995.02
2995.20
3010.46
3010.62
3017.28
3017.40
3023.21
3023.98
3024.64
3024.71
3029.24
3029.25
3049.44
3052.01
3053.90
3054.02
3058.20
3058.45
3071.45
3072.22
3076.28
3076.44
3083.46
3084.28
3085.73
3085.80
3089.78
3091.26
3093.78
3093.87
3142.39
3142.90
$end
