
$molecule
 C 1.51769006320664 -3.91896332126742 0.41646808123534
 C 1.51533366338473 -5.04101264207642 -0.62697927556932
 H 2.53699743157597 -5.37865249575517 -0.78671003376083
 H 0.93027184345263 -5.88560512219166 -0.27126318544299
 H 1.11919429064955 -4.71556094365184 -1.58357866371188
 C 2.10837320223534 -4.49241845996798 1.70871827427456
 H 3.11614214364389 -4.86062634834587 1.53225608307799
 H 2.13502707262632 -3.76134695955996 2.51051192790960
 H 1.49451641646169 -5.32735043426438 2.03906721262208
 C 2.27439112533898 -2.70867813927275 -0.11611819557442
 C 1.81269951849438 -2.10900626831678 -1.28380720563947
 C 3.32285149430215 -2.10577668631854 0.56326119608109
 C 2.32771194088485 -0.90492582258440 -1.71849098535567
 C 3.80218738521837 -0.87996511108133 0.13869261559641
 C 3.27937860283030 -0.21725570164520 -0.96854243991973
 H 1.01891411230963 -2.55901483035543 -1.85704746158340
 H 3.75246139931946 -2.55021950157684 1.44535291068765
 C 0.13715198579939 -3.33265787249957 0.68795610419838
 C -0.99685896129587 -3.69651001756794 -0.02091998626734
 C 0.03104935779419 -2.30241295518813 1.61884130774421
 C -2.18039202815068 -2.99233105003142 0.13582957903164
 C -1.15390556929317 -1.61635577757155 1.77161874392387
 C -2.27447576011074 -1.89589572320382 0.98695549762069
 H -0.98185707349764 -4.52043459745664 -0.71468821898049
 H 0.88244073120508 -1.99208738922313 2.20281925426551
 O 3.73045190635774 1.03623957646928 -1.28256078328581
 C 2.78712172928549 2.08069684100636 -1.16072164718288
 H 1.80836413817936 1.79524844977442 -1.56249747367699
 H 3.19335429499928 2.89602213338102 -1.76891394793401
 C 2.62973264781953 2.57137583519300 0.28083377437584
 H 3.60952909565741 2.62575520240295 0.76408568690942
 O -3.39795903306016 -1.12929773161224 1.13001362130310
 C -3.72413357127874 -0.25628625283882 0.06656168538864
 H -4.67745080995519 0.18145910975959 0.37857148261689
 H -3.87873498291510 -0.79893792806326 -0.87485501334386
 C -2.71253694936267 0.87055213085021 -0.14781666510741
 H -2.32176382111483 1.22660225137836 0.80769591203085
 C -3.27286907985265 2.01358477566110 -0.96466997683911
 H -2.50142173689596 2.75428755717156 -1.17918153482450
 H -3.72038082015489 1.65958409979932 -1.89438027651291
 C 1.94712616454691 3.91975289648315 0.36011882917291
 H 1.83866528938381 4.24797369079549 1.39436444469785
 H 2.49550001924155 4.66981864019164 -0.21079696747144
Br 0.15828506872067 3.84716938667355 -0.37330058270123
Br -4.67159733919818 2.95096185798438 0.01778050900487
Br 1.57994160753785 1.29433476291306 1.33928322787378
Br -1.15406683641125 0.21564966232709 -1.14783742830588
Br 1.73032343481853 -0.19292525477474 -3.37597124179173
Br 5.16004836893401 0.00110290174588 1.12485291846058
Br -3.70989094624844 -3.54918623174164 -0.85082516507245
Br -1.28825022742953 -0.22335019195578 3.04908047574753
$end
$temperature
298.15
$end
$mult
 1
$end
$sigma
 1
$end
$pressure
1.00000
$end
$scale
1.0
$end
$msrrho
$end
$freq
13.13
20.29
21.99
25.10
29.66
31.68
36.33
42.15
48.50
54.78
60.93
65.22
68.59
91.86
95.86
104.88
114.89
120.07
131.75
133.49
151.16
160.61
172.71
181.12
186.12
188.13
192.80
197.22
221.41
223.15
241.67
253.22
257.58
265.40
283.63
286.32
303.73
318.06
329.97
341.10
352.38
377.42
382.89
415.13
457.61
465.34
474.14
475.33
498.22
505.48
533.13
538.72
546.81
551.20
565.03
599.76
631.49
653.49
660.81
682.37
685.68
698.09
705.16
715.01
758.97
830.27
842.17
844.39
849.06
864.33
876.48
879.42
882.10
962.68
964.68
975.15
979.75
991.33
1009.46
1013.30
1017.49
1020.38
1054.13
1056.41
1080.47
1100.28
1133.43
1146.06
1152.01
1152.21
1178.47
1185.03
1185.19
1202.26
1208.70
1211.64
1219.01
1227.78
1249.37
1256.34
1263.82
1264.51
1272.33
1274.68
1287.59
1304.95
1308.34
1343.77
1349.92
1364.39
1368.31
1406.45
1421.87
1430.18
1432.21
1434.63
1437.50
1444.39
1450.94
1493.23
1496.66
1505.74
1511.51
1526.96
1528.76
1570.01
1573.85
2919.28
2942.58
2955.77
2957.19
2970.24
2975.09
2989.07
2989.70
2992.92
2994.95
3034.97
3038.35
3038.58
3045.76
3060.83
3061.45
3112.28
3117.03
3123.65
3124.91
$end
