
$molecule
Br  -1.81429382 2.68250580 0.53617472
C  -0.77039915 1.13908712 0.22767192
C   0.61882967 1.23730996 0.17040309
C  -1.38920780 -0.09821187 0.05726605
Br   1.45729213 2.91382188 0.40127167
C   1.38924560 0.09823275 -0.05726150
Br  -3.27157386 -0.23129832 0.13483603
C  -0.61878797 -1.23729318 -0.17039931
Br   3.27160158 0.23131737 -0.13483642
C   0.77043561 -1.13906994 -0.22766771
Br  -1.45725955 -2.91380329 -0.40127175
Br   1.81432467 -2.68248251 -0.53617340
$end
$temperature
298.15
$end
$mult
1
$end
$sigma
1
$end
$pressure
1.00000
$end
$scale
1.093
$end
$msrrho
$end
$freq
29.39
29.45
41.25
137.62
137.95
139.13
139.38
143.99
152.79
207.36
207.39
243.44
259.73
330.23
330.36
525.21
578.66
578.69
618.30
618.46
768.19
818.39
818.51
1020.19
1290.32
1330.44
1441.10
1441.19
1648.45
1648.47
$end
