
$molecule
C   0.04179389 -3.07350997 -1.28559698
C   0.00496859 -2.19089261 -0.01970038
C   1.24290090 -1.30004606 0.13024084
C  -1.23687156 -1.30337474 -0.15660730
C  -0.02797233 -3.09207673 1.23313798
C   2.44581780 -1.57347638 -0.53601248
C   1.18142128 -0.20098724 1.00448663
C  -1.18025155 -0.19147356 -1.01481224
C  -2.43849595 -1.59169205 0.50567345
C   3.56144809 -0.75651181 -0.35501089
C   3.49419883 0.35332959 0.51047381
Br   5.17332993 -1.14283786 -1.27654402
C   2.28990573 0.62059750 1.19131506
O   4.62367947 1.09973219 0.62698409
Br   2.17830627 2.10674496 2.36612586
C  -2.29233345 0.62786716 -1.18964558
C  -3.49539361 0.34549338 -0.51271347
Br  -2.18733932 2.13138564 -2.34277704
C  -3.55771725 -0.77705845 0.33657790
O  -4.62810295 1.08860419 -0.61844611
Br  -5.16779334 -1.18374606 1.25248675
H   0.26939691 -2.45918320 -2.18432001
H   0.79814421 -3.88131633 -1.18438250
H  -0.95660959 -3.54761372 -1.43160238
H  -0.25817262 -2.49194638 2.14074863
H  -0.78082837 -3.90158177 1.12013315
H   0.97247777 -3.56394529 1.37219705
H   2.52802662 -2.43400020 -1.20522103
H   0.25074314 0.01681896 1.53947580
H  -0.25056982 0.03816098 -1.54659236
H  -2.51686794 -2.46217466 1.16234562
H   4.51798928 1.87359181 1.25233304
H  -4.52570694 1.87188327 -1.23253921
$end
$temperature
298.15
$end
$mult
1
$end
$sigma
1
$end
$pressure
1.00000
$end
$scale
1.093
$end
$msrrho
$end
$freq
10.77
12.27
24.74
67.17
67.59
80.74
101.98
111.68
118.08
132.56
159.91
161.12
188.05
226.81
241.01
248.98
253.95
267.41
268.60
273.49
285.13
311.33
318.85
346.85
347.50
361.03
367.62
395.14
440.75
486.68
488.70
495.08
515.64
538.83
584.64
637.08
638.32
688.30
689.10
739.90
742.17
751.73
795.52
911.20
925.10
925.25
937.07
941.82
942.35
958.29
972.36
990.42
1091.64
1094.67
1117.55
1126.83
1173.27
1197.26
1211.06
1240.02
1241.53
1266.33
1284.50
1304.34
1307.55
1355.81
1355.88
1365.13
1374.08
1397.41
1398.56
1402.31
1415.68
1456.32
1457.69
1504.38
1508.24
1613.56
1617.25
1628.05
1630.79
2497.41
2498.83
2661.57
2664.25
2670.64
2672.72
2727.98
2730.15
2736.58
2736.61
2852.22
2854.59
$end
