
$molecule
C  -0.74957598 -2.82294262 0.16771520
H  -1.33175919 -2.29375656 -0.62819202
H  -1.12319455 -3.87612746 0.28242739
C   0.74286910 -2.82484137 -0.15602363
H   1.32568998 -2.29210290 0.63705178
H   1.11510828 -3.87911102 -0.26492361
O   0.93064451 -2.24578396 -1.45866273
O  -0.93665758 -2.23681097 1.46725706
C   1.61893920 -1.04679369 -1.48821013
C   0.93902201 0.10702842 -1.92915092
C   2.99929793 -0.98389814 -1.21320019
C   1.63701809 1.30883330 -2.06991016
C   3.67717126 0.23017357 -1.35080529
C   2.99927509 1.37468233 -1.77270393
H   1.10564733 2.21261352 -2.41641971
H   4.75784637 0.28145893 -1.13030204
C  -1.62098192 -1.03542096 1.49046899
C  -0.93736293 0.11847603 1.92544210
C  -3.00118956 -0.96957814 1.21536623
C  -1.63162388 1.32308766 2.06056556
C  -3.67535477 0.24715562 1.34754007
C  -2.99383836 1.39158825 1.76379369
H  -1.09730915 2.22695065 2.40231454
H  -4.75596840 0.30066224 1.12725959
Br   0.88708787 0.11913193 2.35865743
Br  -4.01385101 -2.46257826 0.70361325
Br  -3.90703074 3.01513159 1.93100672
Br   4.00741464 -2.47759838 -0.69456797
Br  -0.88527511 0.11103043 -2.36299308
Br   3.91737554 2.99471759 -1.94686061
$end
$temperature
298.15
$end
$mult
1
$end
$sigma
1
$end
$pressure
1.00000
$end
$scale
0.961
$end
$msrrho
$end
$freq
4.39
10.31
11.51
24.76
28.85
45.45
71.34
108.03
109.74
117.18
117.43
132.38
135.13
164.39
165.06
199.14
214.78
256.67
257.25
259.68
265.73
289.92
309.05
379.74
379.98
419.49
421.14
460.87
467.38
534.46
534.63
557.89
559.64
580.18
580.49
713.49
723.94
787.41
788.23
805.55
809.72
862.20
934.77
951.67
951.97
955.97
956.54
974.90
1074.82
1157.93
1174.74
1196.64
1223.37
1245.18
1262.79
1263.21
1269.26
1284.34
1291.94
1307.29
1366.19
1366.84
1375.37
1376.56
1389.52
1415.27
1467.09
1470.69
1521.97
1522.08
1626.94
1634.63
1722.31
1722.48
1740.80
1742.57
3037.51
3049.35
3090.38
3102.73
3155.54
3155.59
3158.46
3158.78
$end
