
$molecule
C   1.54627543 -3.94072275 0.44510758
C   1.52128921 -5.08835232 -0.57451549
H   2.54145039 -5.41941207 -0.80863721
H   0.97705180 -5.95737620 -0.18621638
H   1.05648013 -4.80335028 -1.52549900
C   2.19258852 -4.46782987 1.73418295
H   3.20504119 -4.84559764 1.54906098
H   2.26105791 -3.70581440 2.51932488
H   1.60498633 -5.29636309 2.15057064
C   2.25929460 -2.71818958 -0.15004585
C   1.76406135 -2.19964997 -1.36036777
C   3.25055986 -2.01276789 0.54451418
C   2.14872711 -0.93274868 -1.78888064
C   3.62059612 -0.73380685 0.12302041
C   3.00604856 -0.14862158 -0.99802051
H   1.04089458 -2.77836287 -1.94363419
H   3.71600950 -2.43996483 1.43576490
C   0.16030896 -3.35471120 0.75223250
C  -0.98289443 -3.69697338 0.02276759
C   0.09258445 -2.30879536 1.69390609
C  -2.14264682 -2.92215376 0.13348998
C  -1.06030946 -1.54215927 1.80458385
C  -2.16818675 -1.79898812 0.97300496
H  -0.97365973 -4.55221312 -0.65674027
H   0.97084393 -2.06541093 2.30138137
O   3.30321383 1.16228700 -1.32796631
C   2.21996818 2.10891562 -1.09186050
H   1.25407779 1.73229499 -1.47685385
H   2.56103148 2.96087343 -1.71451158
C   2.16826030 2.46313775 0.39239065
H   3.20403246 2.44944212 0.81830997
O  -3.25117181 -0.94492408 1.07614182
C  -3.48787891 -0.06000055 -0.04976542
H  -4.30476441 0.56369019 0.38126753
H  -3.87227416 -0.64459537 -0.90412817
C  -2.27774860 0.79466167 -0.41612379
H  -1.72940199 1.13580479 0.50350345
C  -2.66461510 1.94419895 -1.32423383
H  -1.80392015 2.35456863 -1.89471242
H  -3.43711535 1.66425873 -2.06416378
C   1.51820904 3.80470667 0.65121627
H   1.57230588 4.07619284 1.72407248
H   2.00521327 4.61241776 0.07486871
Br  -0.39400784 3.82877426 0.18526493
Br  -3.36739558 3.44874272 -0.26221035
Br   1.17442321 1.06240905 1.39752176
Br  -0.92640072 -0.27100843 -1.42019941
Br   1.48642342 -0.27760101 -3.44922927
Br   4.94599504 0.22030511 1.09793629
Br  -3.66587293 -3.38913432 -0.90118811
Br  -1.10342268 -0.09627615 3.03953511
$end
$temperature
298.15
$end
$mult
1
$end
$sigma
1
$end
$pressure
1.00000
$end
$scale
1.093
$end
$msrrho
$end
$freq
15.77
27.81
32.99
41.33
44.05
47.95
56.20
60.32
61.78
67.40
82.97
89.03
95.58
103.67
106.03
113.49
118.07
132.33
135.55
150.27
162.40
168.79
173.30
177.29
191.33
193.12
207.59
212.94
218.91
234.58
243.33
258.27
269.15
277.13
279.78
308.53
310.53
313.66
335.85
349.87
364.40
395.51
403.59
435.23
466.84
477.61
484.75
488.95
506.04
517.63
530.43
544.42
569.13
583.84
609.25
619.38
656.40
661.75
672.16
719.50
723.83
732.64
741.72
747.28
770.36
828.28
837.64
898.20
908.96
918.15
924.19
929.92
932.67
960.59
961.73
964.33
986.74
988.33
1008.93
1012.20
1038.67
1055.07
1080.49
1093.05
1100.35
1124.42
1126.63
1127.47
1138.84
1139.43
1164.58
1166.31
1167.84
1182.16
1188.60
1193.20
1205.10
1221.48
1234.39
1240.85
1247.39
1248.53
1252.54
1254.23
1259.56
1269.64
1270.49
1271.73
1275.42
1282.65
1285.73
1294.33
1298.03
1302.74
1307.86
1334.44
1344.98
1369.96
1385.90
1436.22
1440.84
1486.96
1496.63
1603.15
1606.10
1624.29
1627.66
2624.02
2635.39
2643.64
2648.02
2649.94
2657.24
2683.96
2687.06
2691.56
2696.20
2704.01
2709.48
2712.21
2715.74
2723.33
2726.14
2734.76
2735.70
2784.12
2786.72
$end
