
$molecule
 C    -0.000205  -2.984179  -0.000005
 C     0.266328  -3.888289   1.213539
 H    -0.615231  -4.499726   1.408037
 H     1.107017  -4.558254   1.024796
 H     0.478362  -3.316253   2.116282
 C    -0.266883  -3.888208  -1.213577
 H     0.614581  -4.499778  -1.408096
 H    -1.107676  -4.558047  -1.024855
 H    -0.478828  -3.316110  -2.116302
 C     1.177858  -2.049486  -0.313122
 C     1.021377  -1.101739  -1.325951
 C     2.354803  -2.036006   0.422924
 C     1.980305  -0.132510  -1.542023
 C     3.317410  -1.058857   0.191357
 C     3.140165  -0.053547  -0.759736
 H     0.116347  -1.080613  -1.915430
 H     2.535340  -2.763841   1.198564
 C    -1.178119  -2.049309   0.313142
 C    -1.021472  -1.101607   1.325986
 C    -2.355071  -2.035628  -0.422890
 C    -1.980230  -0.132216   1.542076
 C    -3.317509  -1.058316  -0.191304
 C    -3.140077  -0.053041   0.759793
 H    -0.116433  -1.080642   1.915458
 H    -2.535738  -2.763423  -1.198537
 O     4.037544   0.946599  -0.950268
 C     4.003203   2.010941   0.046719
 H     4.291801   1.603231   1.016633
 H     4.776651   2.698410  -0.292048
 O    -4.037265   0.947277   0.950318
 C    -4.002708   2.011601  -0.046681
 H    -4.291394   1.603938  -1.016589
 H    -4.776014   2.699233   0.292080
 C     2.664132   2.670193   0.128492
 H     2.374092   3.288980  -0.713153
 C     1.828471   2.482913   1.141983
 H     2.092334   1.849285   1.981568
 H     0.849450   2.943441   1.173612
 C    -2.663503   2.670578  -0.128470
 H    -2.373332   3.289320   0.713163
 C    -1.827884   2.483108  -1.141961
 H    -2.091880   1.849519  -1.981533
 H    -0.848768   2.943434  -1.173602
Br     4.922010  -1.114273   1.223636
Br     1.689562   1.148030  -2.923076
Br    -1.689257   1.148258   2.923143
Br    -4.922124  -1.113438  -1.223573
$end
$temperature
298.15
$end
$mult
 1
$end
$sigma
 1
$end
$pressure
1.00000
$end
$scale
0.99
$end
$msrrho
$end
$freq
8.70
16.76
24.79
29.42
37.84
39.35
46.39
67.57
68.37
100.45
105.98
116.34
121.94
122.79
134.70
138.99
162.72
182.48
196.18
200.54
205.25
234.22
241.84
242.69
258.03
274.17
285.94
306.10
320.05
329.19
337.36
350.97
357.77
409.74
411.36
419.64
419.66
465.73
492.51
494.04
514.24
516.07
572.36
580.81
588.01
635.78
660.56
684.52
695.66
705.23
746.90
748.09
764.80
778.61
780.99
848.86
881.52
899.60
900.37
909.41
912.07
926.55
926.89
957.26
959.81
969.46
970.43
980.97
984.73
988.14
988.17
1031.85
1032.84
1032.97
1082.26
1083.53
1138.14
1157.13
1166.79
1174.67
1176.18
1240.76
1241.15
1243.88
1252.27
1261.26
1265.48
1288.01
1288.02
1301.71
1303.01
1326.25
1327.99
1384.88
1385.55
1400.18
1414.21
1423.67
1427.23
1455.17
1457.93
1478.96
1482.95
1493.00
1495.44
1507.01
1507.25
1509.79
1515.51
1570.24
1571.71
1620.45
1625.03
1705.04
1706.57
3037.95
3042.93
3059.75
3059.80
3100.97
3106.41
3113.68
3113.91
3113.94
3115.10
3135.76
3136.08
3164.34
3164.37
3201.14
3201.30
3218.94
3218.97
3220.45
3221.03
$end
