
$molecule
C  -0.76054021 -3.21232999 0.14461874
H  -1.35107018 -2.91837016 -0.75163295
H  -1.10855465 -4.22890241 0.43346886
C   0.75240380 -3.21517741 -0.13217781
H   1.34382892 -2.91878303 0.76267431
H   1.09745771 -4.23408466 -0.41629912
O   1.04298982 -2.48185783 -1.30111505
O  -1.04896736 -2.47271113 1.31010951
C   1.26924496 -1.14787286 -1.15907567
C   0.38739471 -0.24874501 -1.76037528
C   2.42941542 -0.63439849 -0.58653920
C   0.69143771 1.09490322 -1.89443506
C   2.76491412 0.70612013 -0.68479671
C   1.89039511 1.53674660 -1.36202879
H   0.00358161 1.78460877 -2.39488016
H   3.68930050 1.09291880 -0.24308268
C  -1.27132332 -1.13874853 1.16187037
C  -0.38686052 -0.23942238 1.75901604
C  -2.42997397 -0.62455832 0.58690796
C  -0.68699047 1.10571932 1.88683916
C  -2.76157252 0.71736781 0.67897142
C  -1.88464052 1.54857027 1.35235025
H   0.00289569 1.79572031 2.38405650
H  -3.68481690 1.10481267 0.23546501
Br   1.36689607 -0.81033764 2.31287715
Br  -3.64803160 -1.73522294 -0.42689130
Br  -2.33814272 3.41616039 1.52846798
Br   3.64427323 -1.74395742 0.43230692
Br  -1.36806465 -0.81705551 -2.31148354
Br   2.34930107 3.40218596 -1.54676269
$end
$temperature
298.15
$end
$mult
1
$end
$sigma
1
$end
$pressure
1.00000
$end
$scale
1.0
$end
$msrrho
$end
$freq
13.82
25.48
29.39
51.01
51.25
68.87
98.83
106.00
107.61
109.02
117.21
125.16
126.49
160.46
165.10
202.10
206.25
235.88
240.55
249.69
251.47
279.30
288.42
353.60
354.40
386.25
404.22
455.73
486.97
490.28
492.96
528.89
531.56
544.67
550.58
649.61
654.69
714.18
721.17
754.74
765.78
829.91
858.69
929.12
939.24
940.31
944.01
944.39
1020.91
1049.70
1090.36
1107.65
1120.01
1144.80
1179.31
1179.47
1208.70
1211.89
1242.91
1249.00
1277.40
1278.35
1281.21
1283.48
1368.84
1397.30
1434.93
1439.11
1481.96
1483.65
1633.53
1638.49
1716.21
1716.62
1746.09
1751.12
2908.28
2909.60
2949.80
2952.59
3055.61
3056.05
3058.24
3058.85
$end
