
$molecule
Br   2.30891076 -2.69706397 -1.45340841
C   0.98199729 -2.54328876 -0.11885777
C   0.66034989 -1.27053347 0.39452510
C   0.32397461 -3.66497769 0.39712964
O   1.26203435 -0.20380886 -0.26367936
C  -0.28838497 -1.10959906 1.41859495
Br   0.72850078 -5.38696424 -0.28446347
C  -0.62211461 -3.51921830 1.42684459
C   1.82381901 0.83278755 0.47323909
Br  -0.68996979 0.61661003 2.06997480
C  -0.92277161 -2.24681292 1.93707236
Br  -1.49056662 -5.04754632 2.13081939
C   1.53054227 2.12691890 -0.00234328
C   2.71263134 0.62664639 1.54199739
Br  -2.19274040 -2.05755414 3.33213999
Br   0.28190379 2.33981154 -1.40270527
C   2.15666909 3.22448215 0.59829216
Br   3.07837898 -1.12653445 2.14027111
C   3.31499635 1.73964229 2.14443743
Br   1.78977506 4.97479603 -0.03047515
C   3.04251996 3.03324722 1.67317859
Br   4.50337159 1.48883174 3.60037967
Br   3.86756328 4.52867342 2.49087009
$end
$temperature
298.15
$end
$mult
1
$end
$sigma
1
$end
$pressure
1.00000
$end
$scale
1.093
$end
$msrrho
$end
$freq
12.96
13.91
16.78
32.13
35.95
36.70
38.68
47.78
53.54
83.26
108.66
109.51
112.61
112.83
119.68
120.92
131.73
149.70
158.27
166.47
208.53
208.76
224.61
230.42
255.46
256.15
264.25
318.24
318.53
322.17
350.71
423.31
444.11
544.96
555.36
590.59
590.93
594.93
602.09
603.19
629.34
694.47
716.15
718.34
760.36
807.45
808.65
899.14
944.85
1073.53
1106.42
1141.90
1143.13
1325.93
1334.30
1384.70
1406.89
1411.80
1426.87
1576.71
1580.19
1584.82
1588.90
$end
