
$molecule
H  -3.04517720 -0.12431367 -0.06575820
O  -2.42492093 0.65840183 0.01682941
C  -1.11581374 0.29961231 0.03164888
C  -0.17587042 1.35110361 0.14612966
C  -0.66188017 -1.03334765 -0.05907629
Br  -0.73644552 3.15762551 0.27088171
C   1.18790762 1.06558150 0.16857651
Br  -1.89637791 -2.46524395 -0.21347664
C   0.70527410 -1.31681876 -0.03635727
H   1.91969018 1.87739619 0.25716592
C   1.61594509 -0.26479804 0.07720528
H   1.05568695 -2.35259401 -0.10693316
Br   3.47871507 -0.64465667 0.10867949
$end
$temperature
298.15
$end
$mult
1
$end
$sigma
1
$end
$pressure
1.00000
$end
$scale
1.093
$end
$msrrho
$end
$freq
65.16
104.88
115.10
126.67
159.85
255.91
280.86
312.00
323.21
361.74
365.74
490.89
515.62
525.35
687.14
693.42
739.87
848.85
922.46
938.60
1093.02
1117.86
1209.31
1242.19
1289.25
1368.50
1448.23
1487.82
1609.05
1613.47
2496.10
2725.10
2728.90
$end
