
$molecule
C  -0.00019530 -3.03035952 0.00002414
C   0.24501291 -3.92535055 1.22388131
H  -0.65420909 -4.50871845 1.46213563
H   1.05639287 -4.64065440 1.04693609
H   0.49477119 -3.34847684 2.12169302
C  -0.24553123 -3.92525904 -1.22387431
H   0.65356966 -4.50883530 -1.46206867
H  -1.05709330 -4.64037330 -1.04702858
H  -0.49506709 -3.34830398 -2.12169544
C   1.16712726 -2.08579737 -0.31469026
C   0.95071091 -1.09007090 -1.28929176
C   2.37327281 -2.10796959 0.39044422
C   1.87806761 -0.07137180 -1.46884209
C   3.31143817 -1.08728512 0.20187299
C   3.05688233 -0.03999084 -0.69636332
H   0.02811053 -1.10005230 -1.87763966
H   2.58807448 -2.90812939 1.10256345
C  -1.16736868 -2.08561502 0.31475282
C  -0.95081050 -1.08994890 1.28938510
C  -2.37349697 -2.10754923 -0.39042343
C  -1.87798457 -0.07108242 1.46892111
C  -3.31148230 -1.08669357 -0.20186497
C  -3.05676378 -0.03945795 0.69639319
H  -0.02823299 -1.10012345 1.87776978
H  -2.58842671 -2.90764736 -1.10257532
O   3.95409329 0.99228555 -0.87913197
C   3.85290909 2.06461267 0.11815655
H   4.15856422 1.66103191 1.09982607
H   4.63220194 2.75061752 -0.26708496
O  -3.95379131 0.99297819 0.87915933
C  -3.85247400 2.06527940 -0.11814363
H  -4.15820005 1.66174494 -1.09981418
H  -4.63166828 2.75139741 0.26710819
C   2.48130931 2.67209192 0.12673003
H   2.31451804 3.44236793 -0.62778028
C   1.52369208 2.28005138 0.96399674
H   1.64671074 1.50217599 1.70661682
H   0.52606194 2.70410023 0.96783785
C  -2.48077885 2.67254531 -0.12672820
H  -2.31387622 3.44283370 0.62774575
C  -1.52321663 2.28031651 -0.96396786
H  -1.64635717 1.50243216 -1.70656004
H  -0.52552368 2.70421039 -0.96781929
Br   4.93557520 -1.12325924 1.18828339
Br   1.52710486 1.30498379 -2.73362135
Br  -1.52682086 1.30519136 2.73374205
Br  -4.93561039 -1.12236910 -1.18830725
$end
$temperature
298.15
$end
$mult
1
$end
$sigma
1
$end
$pressure
1.00000
$end
$scale
1.093
$end
$msrrho
$end
$freq
14.84
15.12
33.38
37.21
45.97
50.13
71.74
72.78
91.01
96.29
97.47
108.91
127.22
128.13
132.41
134.26
152.49
164.39
171.68
179.95
203.48
205.52
224.94
234.02
234.85
260.88
264.65
274.53
301.91
317.33
319.00
327.40
333.29
395.68
399.83
420.16
432.08
467.34
469.93
480.56
492.39
493.34
524.44
531.53
574.69
622.33
636.48
644.38
658.79
720.17
730.33
736.18
743.28
747.77
771.93
896.70
913.79
921.72
922.19
923.73
928.28
929.83
935.82
951.66
953.38
968.08
986.36
989.31
991.50
993.63
1032.21
1033.44
1052.07
1057.32
1071.88
1074.85
1123.69
1127.48
1132.99
1135.33
1169.13
1194.31
1194.60
1208.93
1231.28
1249.68
1252.66
1253.54
1257.49
1261.38
1261.73
1265.38
1269.49
1281.18
1281.88
1289.06
1291.14
1301.94
1305.13
1338.12
1339.23
1339.73
1347.01
1374.61
1385.08
1436.59
1438.31
1487.22
1494.20
1603.01
1605.02
1626.74
1630.15
1784.13
1784.26
2661.03
2661.09
2688.59
2688.72
2694.07
2695.19
2709.58
2711.55
2720.55
2720.79
2730.25
2732.40
2736.06
2736.57
2750.92
2751.10
2775.51
2780.00
2785.58
2787.94
$end
