
$molecule
H  -3.03829511 -0.11425298 -0.06473224
O  -2.41174100 0.66392667 0.01770339
C  -1.10571634 0.29823274 0.03187323
C  -0.16665703 1.34958972 0.14631408
C  -0.65514670 -1.03450385 -0.05894560
Br  -0.75916849 3.14337024 0.26899976
C   1.19669256 1.06545784 0.16885695
Br  -1.90733486 -2.44824552 -0.21249047
C   0.71190700 -1.31899164 -0.03631079
H   1.92809085 1.87731825 0.25743725
C   1.62271583 -0.26648536 0.07729504
H   1.06127202 -2.35500731 -0.10694077
Br   3.48545333 -0.64760752 0.10866863
$end
$temperature
298.15
$end
$mult
1
$end
$sigma
1
$end
$pressure
1.00000
$end
$scale
1.093
$end
$msrrho
$end
$freq
68.27
104.82
115.45
123.10
161.81
255.96
269.51
313.08
321.85
364.57
365.46
490.07
514.48
526.34
687.59
692.52
742.07
849.18
922.93
939.18
1094.62
1119.12
1209.15
1242.42
1290.19
1369.26
1449.81
1488.74
1609.53
1614.37
2493.71
2726.03
2729.71
$end
