
$molecule
C   1.50674763 -3.83050939 0.43666143
C   1.48621253 -4.93587137 -0.61549095
H   2.50662916 -5.21302376 -0.92071166
H   1.01318384 -5.85791301 -0.24803330
H   0.95837591 -4.64164342 -1.53374293
C   2.11948473 -4.37602308 1.72340014
H   3.08446603 -4.87466496 1.55226216
H   2.28706207 -3.59826037 2.48174524
H   1.46283409 -5.12685269 2.18838638
C   2.25824293 -2.64805844 -0.13538165
C   1.56952192 -1.85836052 -1.06236330
C   3.51378275 -2.24194509 0.30174996
C   2.05164599 -0.60969881 -1.39127651
C   3.99496886 -1.00312887 -0.09204024
C   3.26091706 -0.13783055 -0.89798346
H   0.61965993 -2.19774474 -1.49436348
H   4.12502031 -2.86441722 0.96251721
C   0.13546815 -3.27687220 0.75743430
C  -1.05083615 -3.83265197 0.29320582
C   0.10122370 -2.05040549 1.43289415
C  -2.22124629 -3.09386185 0.38451395
C  -1.06527668 -1.31884869 1.45304048
C  -2.24344786 -1.80412564 0.89893698
H  -1.08649150 -4.83004223 -0.15561947
H   1.00786796 -1.63417487 1.89037534
O   3.80045599 1.06447607 -1.23986954
C   3.10875445 2.20220548 -0.76655087
H   2.17398106 2.39214076 -1.34150313
H   3.82169418 3.01145211 -1.04468184
C   2.84806691 2.15308025 0.72857959
H   3.58671402 1.52101344 1.26939441
O  -3.38475318 -1.06002873 0.95330429
C  -3.77300921 -0.52446695 -0.29507451
H  -4.87234125 -0.39117443 -0.16263543
H  -3.63133259 -1.22402605 -1.14971622
C  -3.08756596 0.80889718 -0.53943915
H  -3.00419921 1.41780039 0.38516234
C  -3.69265193 1.56059031 -1.67631472
H  -3.17808594 2.50065275 -1.92150087
H  -3.84501171 0.97561456 -2.59396544
C   2.77321085 3.51188347 1.34125166
H   2.49304681 3.50941594 2.40426881
H   3.68097495 4.11954584 1.21026621
Br   1.32062979 4.57470165 0.43243846
Br  -5.55621105 2.14874836 -1.13962168
Br   1.08292802 1.24424121 1.04944679
Br  -1.16867883 0.50269744 -1.10361502
Br   0.85333457 0.48058863 -2.45486871
Br   5.72954947 -0.47837824 0.57983589
Br  -3.83885459 -3.91246665 -0.28024211
Br  -0.94054067 0.48327248 2.15583132
$end
$temperature
298.15
$end
$mult
1
$end
$sigma
1
$end
$pressure
1.00000
$end
$scale
1.0
$end
$msrrho
$end
$freq
13.72
21.06
23.52
28.75
31.29
37.89
43.42
49.80
52.30
67.63
73.55
85.00
92.03
99.94
102.59
108.34
121.16
132.13
137.25
140.30
162.26
171.03
185.87
186.60
208.54
213.19
235.44
239.27
242.69
252.73
264.53
267.77
273.06
288.84
298.25
311.38
326.15
333.40
339.11
365.94
373.48
401.73
414.26
447.84
480.16
496.64
498.68
508.49
528.30
546.22
552.49
564.51
593.69
626.25
636.02
658.37
673.38
683.51
686.49
718.25
719.84
743.85
768.24
784.68
813.99
844.32
849.80
928.62
941.82
943.30
953.71
957.03
965.42
972.89
984.09
994.42
1002.74
1007.45
1008.24
1018.91
1069.60
1075.02
1077.24
1109.91
1149.82
1152.98
1164.73
1165.11
1185.26
1186.01
1191.50
1192.10
1201.28
1211.84
1220.73
1227.70
1238.07
1252.77
1260.48
1270.70
1277.32
1279.36
1282.93
1288.07
1290.87
1301.95
1308.95
1313.06
1314.19
1324.84
1326.79
1335.98
1338.32
1352.06
1366.08
1401.51
1410.37
1484.53
1488.12
1500.20
1504.12
1659.98
1665.53
1705.06
1710.99
1768.80
1769.51
2897.75
2899.73
2931.10
2938.25
2945.78
2963.57
3012.11
3020.50
3020.68
3021.46
3028.16
3030.09
3033.49
3035.40
3035.86
3037.31
3057.28
3057.72
3085.02
3085.76
$end
