
$molecule
C  -0.77315603 -3.01883974 0.03932582
H  -1.22340530 -2.50028171 -0.83236707
H  -1.17441728 -4.04707494 0.07163025
C   0.76568683 -3.02156937 -0.02804190
H   1.21777103 -2.50098973 0.84150577
H   1.16346689 -4.05129023 -0.05619763
O   1.25313049 -2.52782579 -1.26742159
O  -1.25892146 -2.51828681 1.27663413
C   1.34850568 -1.15441960 -1.37725988
C   0.56395466 -0.54250100 -2.35727615
C   2.25469475 -0.34965140 -0.68934707
C   0.63625437 0.80640463 -2.64577318
C   2.35973040 1.01101829 -0.93490353
C   1.53849015 1.55382155 -1.90637465
H   0.01097395 1.26171653 -3.42079730
H   3.07490678 1.62995472 -0.38210967
C  -1.35065290 -1.14414562 1.38024617
C  -0.56455191 -0.52999989 2.35761700
C  -2.25442535 -0.33996903 0.68847703
C  -0.63302867 0.82041276 2.63990174
C  -2.35534116 1.02217440 0.92751762
C  -1.53272795 1.56706864 1.89664581
H  -0.00674004 1.27748080 3.41307545
H  -3.06840031 1.64066673 0.37150719
Br   0.59442627 -1.61299139 3.32933574
Br  -3.42862236 -1.04303862 -0.57902378
Br  -1.64839346 3.39752533 2.22774758
Br   3.42671766 -1.05025125 0.58151333
Br  -0.59810730 -1.62650912 -3.32416264
Br   1.65990508 3.38225730 -2.24644619
$end
$temperature
298.15
$end
$mult
1
$end
$sigma
1
$end
$pressure
1.00000
$end
$scale
0.953
$end
$msrrho
$end
$freq
4.98
9.42
20.68
24.30
36.31
70.97
93.10
98.76
99.16
101.23
116.10
117.80
131.20
167.29
171.83
172.63
182.77
235.80
241.64
256.32
257.54
285.94
300.45
356.09
356.27
379.06
382.22
444.89
474.19
489.08
489.44
514.42
516.25
552.06
571.17
683.82
698.25
775.16
777.91
797.75
798.39
835.08
884.02
919.61
929.28
930.60
946.23
947.49
1041.89
1044.44
1050.04
1057.36
1090.36
1115.02
1115.80
1127.28
1169.25
1197.57
1230.72
1236.24
1298.21
1349.98
1351.02
1358.94
1361.73
1380.67
1422.36
1423.43
1539.66
1540.29
1596.56
1599.44
1781.72
1781.93
1796.74
1797.77
2950.49
2951.25
3032.39
3037.42
3065.32
3065.46
3071.18
3071.40
$end
