
$molecule
H  -3.03783849 -0.11255964 -0.06458279
O  -2.41066433 0.66481362 0.01780941
C  -1.10502046 0.29823198 0.03189620
C  -0.16604015 1.34944243 0.14632279
C  -0.65486725 -1.03439693 -0.05892789
Br  -0.76047453 3.14227343 0.26886956
C   1.19709383 1.06538846 0.16886470
Br  -1.90745513 -2.44747807 -0.21243358
C   0.71203105 -1.31888535 -0.03629829
H   1.92845857 1.87712927 0.25743439
C   1.62284389 -0.26654574 0.07729447
H   1.06128891 -2.35483918 -0.10692695
Br   3.48543276 -0.64783784 0.10864971
$end
$temperature
298.15
$end
$mult
1
$end
$sigma
1
$end
$pressure
1.00000
$end
$scale
1.093
$end
$msrrho
$end
$freq
67.87
104.36
115.01
122.72
160.98
256.22
268.69
312.93
321.38
363.23
364.95
489.57
513.81
525.88
687.92
692.19
742.52
849.63
922.42
938.61
1094.40
1119.40
1206.67
1241.88
1287.04
1368.85
1450.12
1488.92
1610.31
1615.16
2494.78
2726.08
2729.63
$end
