
$molecule
 C -0.76798183135740 -3.01831537094703 -0.06554284712834
 H -1.06565166725511 -2.32613438955063 -0.85989118935929
 H -1.16155545566146 -4.00575371074723 -0.33190773822219
 C 0.76055748844254 -3.02010831188183 0.07613742049635
 H 1.06012763982024 -2.32534968387800 0.86751415777528
 H 1.15141576943283 -4.00747172011150 0.34674288551159
 O 1.40496864205427 -2.59511310158294 -1.11664805831371
 O -1.41119754425828 -2.58643864601131 1.12541610167274
 C 1.23580209366370 -1.21466075415375 -1.35820819746630
 C 0.37407865035774 -0.76877695201391 -2.36913616437889
 C 1.87490990483144 -0.25046770756153 -0.56650660122378
 C 0.14979674721483 0.57385467841267 -2.56398082708006
 C 1.64226465494856 1.09038766756739 -0.76454274549656
 C 0.77536897576477 1.50527676850349 -1.75750724043728
 H -0.52718790725004 0.89982482513872 -3.33651477289638
 H 2.13127732630880 1.81922679761006 -0.13904730040807
 C -1.23810851042795 -1.20545630845144 1.36109938986485
 C -0.37500601377644 -0.75770791245446 2.37002619180320
 C -1.87455123448818 -0.24284601912503 0.56533689955548
 C -0.14685317024637 0.58510001313550 2.55907496408816
 C -1.63805593448341 1.09817550656400 0.75759805451244
 C -0.76985001421270 1.51483806030007 1.74867362244237
 H 0.53117430985082 0.91244276465222 3.33011248324573
 H -2.12506170128481 1.82571924453872 0.12903683381522
Br 0.49011525058229 -2.06095062069712 3.39957555003506
Br -3.06339444181184 -0.84079620397844 -0.75263234802297
Br -0.42090444574316 3.35108379488153 1.98358309628716
Br 3.06194399556711 -0.84612659215290 0.75412919919145
Br -0.49467429192072 -2.07394937485647 -3.39316545911853
Br 0.43174071534698 3.34149125885555 -2.00036636074216
$end
$temperature
298.15
$end
$mult
 1
$end
$sigma
 1
$end
$pressure
1.00000
$end
$scale
1.03
$end
$msrrho
$end
$freq
9.56
22.67
22.94
29.74
32.95
40.15
76.70
77.53
77.55
80.49
80.75
93.06
106.43
126.13
154.42
156.32
162.80
195.59
198.44
204.12
204.64
251.84
257.46
282.54
283.20
307.22
319.91
402.99
415.73
433.86
457.72
486.71
487.52
534.57
540.65
588.08
595.08
667.52
677.00
684.95
685.25
703.30
704.20
736.55
776.30
786.62
788.99
809.16
898.50
912.11
940.52
955.70
1028.40
1029.80
1104.45
1105.66
1137.14
1141.01
1163.47
1163.59
1184.61
1189.30
1301.94
1323.64
1323.68
1354.11
1359.06
1383.51
1383.68
1420.13
1488.65
1488.71
1595.35
1595.38
1606.70
1606.70
2946.66
2953.76
2992.44
2992.80
3169.54
3169.57
3170.58
3170.59
$end
