
$molecule
O   0.82178872 0.02347596 -0.13578719
C   0.61872367 -0.26406354 1.01927292
C   1.58196321 -0.11271365 2.16559285
O  -0.54154684 -0.78143329 1.49556177
C   1.85743052 1.15650601 2.69010699
C   2.22133623 -1.24174987 2.69497376
C  -1.66855780 -0.92026182 0.55238304
C   1.14922865 2.36868350 2.14797094
C   2.77814537 1.29543778 3.73736041
Br   1.82302820 -2.94331345 1.96235062
C   3.14083477 -1.10533900 3.74435953
C  -2.92014770 -0.46152214 1.31396904
H  -1.47030944 -0.31599322 -0.35147529
H  -1.68087581 -1.99469275 0.30519046
C  -2.81609901 1.02416805 1.70660924
C  -3.15017596 -1.33578208 2.56430012
H  -3.79041277 -0.59336462 0.62097581
C  -3.07952207 1.97086463 0.53034894
H  -3.52991932 1.24869093 2.52279216
H  -1.81051177 1.22773521 2.13861755
C  -3.64161195 -2.73881392 2.22043634
H  -3.88392688 -0.84243851 3.23174461
H  -2.20647677 -1.39568622 3.14586128
C  -2.82653621 3.43023553 0.93640978
H  -4.11921437 1.85527599 0.17122391
H  -2.43035528 1.70692926 -0.33586894
C  -2.77911214 4.35863989 -0.27372872
H  -3.61018486 3.76463027 1.64245141
H  -1.86866527 3.50094485 1.49828315
H  -3.68586527 4.28099372 -0.88281410
H  -2.67756353 5.40494633 0.03225858
H  -1.92091795 4.11570204 -0.92330689
H  -3.82053025 -3.32396102 3.13059192
H  -4.58176795 -2.71525112 1.65835183
H  -2.90904979 -3.29194261 1.62183795
O   2.01954209 3.06902457 1.37804082
O   0.00054670 2.68213860 2.34876493
Br   3.12927957 3.02801688 4.41971745
C   3.42001121 0.16747701 4.26744334
Br   4.00154002 -2.63417326 4.45277622
C   1.50319896 4.25191648 0.66170497
Br   4.65943505 0.36259216 5.68369463
C   2.11089953 4.19603760 -0.74701382
H   0.39837190 4.22613563 0.65422212
H   1.86691753 5.10565112 1.25715958
C   1.63621902 2.94266392 -1.50595275
C   3.65185397 4.23515291 -0.67936486
H   1.75414027 5.10707978 -1.29263588
C   0.20407695 3.07389572 -2.03601972
H   2.32034562 2.73277244 -2.35097076
H   1.71460881 2.05159581 -0.84327239
C   4.19072214 5.61079514 -0.29794393
H   4.00422875 3.47405914 0.04791571
H   4.07371832 3.93352884 -1.65831323
C  -0.27051529 1.75344607 -2.66041849
H   0.14580186 3.88607076 -2.78453749
H  -0.49001254 3.36932533 -1.21599709
C  -1.77445199 1.75316822 -2.91892544
H  -0.00742370 0.90661692 -1.98823874
H   0.27780657 1.56552123 -3.60301886
H  -2.33714121 1.81072931 -1.97159525
H  -2.08838876 0.84063679 -3.43606126
H  -2.08192987 2.60327138 -3.53700764
H   5.28736931 5.61056523 -0.28423121
H   3.85713142 5.91695074 0.69999615
H   3.87411130 6.38374247 -1.00696047
$end
$temperature
298.15
$end
$mult
1
$end
$sigma
1
$end
$pressure
1.00000
$end
$scale
1.093
$end
$msrrho
$end
$freq
16.63
17.75
25.60
26.26
35.62
38.15
40.60
41.35
43.92
44.63
57.44
71.20
75.41
80.27
89.15
94.97
100.74
101.73
109.51
110.42
112.40
122.98
125.71
127.85
132.94
133.51
143.39
146.10
147.55
188.56
190.42
192.36
200.32
215.04
219.32
231.33
234.11
243.44
247.03
273.43
282.28
291.79
292.31
302.44
303.49
324.33
325.25
371.61
433.52
453.39
453.69
480.81
486.75
489.05
553.47
568.16
568.51
572.54
635.72
647.65
677.26
703.10
739.35
755.28
755.96
767.69
783.68
816.62
817.26
833.33
834.04
885.92
886.48
911.11
920.01
931.05
938.55
942.56
950.74
956.12
957.34
981.49
988.57
1025.16
1027.26
1050.99
1051.89
1078.40
1096.31
1103.17
1109.05
1125.33
1128.51
1132.90
1138.30
1140.72
1143.72
1149.19
1150.04
1160.55
1160.58
1170.11
1170.60
1176.95
1177.99
1179.80
1180.22
1190.16
1191.02
1199.12
1199.30
1209.68
1210.16
1225.80
1244.72
1245.29
1255.04
1257.45
1261.82
1261.86
1261.91
1261.96
1264.39
1265.45
1268.94
1269.49
1270.17
1273.02
1273.70
1278.34
1278.81
1283.71
1284.28
1285.83
1286.56
1286.70
1288.79
1300.95
1302.83
1306.50
1307.17
1316.22
1316.29
1320.47
1322.98
1335.41
1335.69
1337.76
1340.59
1340.85
1341.91
1342.88
1419.73
1469.90
1599.72
1609.96
1802.51
1806.20
2610.63
2611.55
2649.34
2649.54
2649.97
2652.86
2655.45
2662.92
2663.01
2663.08
2672.40
2682.55
2684.47
2685.16
2694.15
2694.21
2699.32
2699.52
2700.59
2700.82
2710.23
2710.29
2724.49
2725.21
2735.08
2735.23
2739.88
2739.94
2742.92
2743.21
2779.53
2780.80
2788.38
2788.42
$end
