
$molecule
Br 2.12084924434983 -2.61282553869943 -1.55712883283202
 C 0.89738159347852 -2.51457686331271 -0.13682745779538
 C 0.65335455485537 -1.25744281285446 0.42279953386030
 C 0.26923252689511 -3.65054425570964 0.35673023308521
 O 1.25982730264726 -0.20546375903331 -0.18757936448597
 C -0.25844914082982 -1.14665693265861 1.47166340136373
Br 0.62682634752394 -5.32416214916355 -0.40703840542683
 C -0.61315162638480 -3.53723311614300 1.43009339979748
 C 1.82897489999627 0.81849397495265 0.50134809587712
Br -0.68504051461872 0.54358354060983 2.20118374840450
 C -0.87713038362001 -2.28665759130375 1.98334398441631
Br -1.44920320445440 -5.06881574592918 2.12195775635176
 C 1.61594207094427 2.09886990365187 -0.01672095228073
 C 2.67940666877204 0.66150156463298 1.59494109521759
Br -2.08160159789941 -2.13219989880813 3.41514412833090
Br 0.47580090006140 2.25930854444547 -1.49934525684246
 C 2.21356757707881 3.21172514629294 0.56042676086459
Br 3.06672037232067 -1.05884061030977 2.27425105377816
 C 3.26653617813305 1.77757511731795 2.18971592312103
Br 1.89868368981334 4.91752247630486 -0.14902034010954
 C 3.03327258451167 3.05113554673003 1.67657894216683
Br 4.38784129871640 1.55952527086722 3.67961205383879
Br 3.82585765770929 4.55067618811969 2.48067049929858
$end
$temperature
298.15
$end
$mult
 1
$end
$sigma
 1
$end
$pressure
1.00000
$end
$scale
1.0
$end
$msrrho
$end
$freq
13.59
14.99
16.27
37.27
39.09
40.87
46.13
53.40
59.06
77.72
116.13
118.98
123.34
123.68
126.90
129.28
129.69
140.60
149.91
152.88
186.36
191.67
206.65
210.82
224.64
225.00
237.74
311.45
312.68
314.42
347.75
394.40
411.81
510.77
512.09
534.09
535.20
539.26
552.53
584.04
588.19
607.28
607.87
676.75
716.02
755.91
756.44
866.28
925.14
1017.67
1044.52
1201.24
1229.45
1281.42
1291.64
1312.88
1315.46
1350.18
1355.78
1472.23
1478.45
1491.88
1501.42
$end
