
$molecule
Br -1.80916756942061 2.67443671783282 0.53455339194977
 C -0.77055387676820 1.13930468370301 0.22776016239785
 C 0.61895748104793 1.23755589225362 0.17050475626552
 C -1.38948213227516 -0.09822906883277 0.05726613662017
Br 1.45307420434473 2.90519944633133 0.40009061596676
 C 1.38951569313505 0.09824553801713 -0.05724911187811
Br -3.26192057757390 -0.23040418048742 0.13450946665459
 C -0.61892269716339 -1.23754038573808 -0.17048724831878
Br 3.26195010240310 0.23048176353200 -0.13448322613066
 C 0.77058651081633 -1.13928911348444 -0.22774336487795
Br -1.45298961008225 -2.90520698871641 -0.40008186837155
Br 1.80915347153637 -2.67445130441079 -0.53453971027761
$end
$temperature
298.15
$end
$mult
 1
$end
$sigma
 1
$end
$pressure
1.00000
$end
$scale
1.0
$end
$msrrho
$end
$freq
38.01
38.14
54.60
123.66
123.77
125.02
125.65
125.78
133.25
193.25
193.31
224.91
226.91
313.07
313.10
516.14
516.15
530.86
530.95
543.68
604.46
754.01
754.19
972.89
1152.24
1285.69
1294.49
1294.52
1468.90
1468.96
$end
