
$molecule
H   2.19528133 1.36304976 1.91425118
C   2.51945459 0.36472465 1.60805050
C   1.55526082 -0.35994263 0.72813027
C   3.67918909 -0.16860091 1.98565910
O   0.46446367 0.57233566 0.58086436
H   1.97946674 -0.58740088 -0.26731733
H   1.18069913 -1.29262726 1.18899272
C  -0.55045419 0.10296036 -0.19885843
C  -0.57578399 0.39178226 -1.56578558
C  -1.64064423 -0.54724811 0.38530309
Br   0.86396827 1.32302662 -2.34833587
C  -1.66104104 0.02186322 -2.35200838
Br  -1.64050556 -0.88482373 2.23962879
C  -2.73711368 -0.92733139 -0.38024072
H  -1.68047150 0.24975811 -3.42183293
C  -2.72200503 -0.64069163 -1.74198325
H  -3.59059741 -1.43535854 0.07834909
Br  -4.20246664 -1.16124744 -2.80036882
H   4.01848656 -1.15037328 1.69581403
H   4.38629147 0.34244124 2.62132932
$end
$temperature
298.15
$end
$mult
1
$end
$sigma
1
$end
$pressure
1.00000
$end
$scale
1.093
$end
$msrrho
$end
$freq
16.96
32.05
67.30
95.79
112.82
114.43
123.18
148.05
164.60
210.22
227.79
251.89
312.80
365.08
441.68
454.74
503.66
507.24
554.12
563.11
705.12
760.01
770.10
884.68
895.30
961.98
963.88
975.45
1021.03
1087.51
1098.46
1147.72
1160.48
1207.75
1244.37
1251.54
1296.60
1326.71
1335.92
1350.47
1385.65
1403.38
1488.73
1538.26
1680.63
1682.27
1859.10
2640.86
2707.90
2715.28
2733.77
2735.85
2748.11
2789.27
$end
