
$molecule
 H -2.96826396190206 -0.15623177622758 -0.06575814927576
 O -2.40833770962223 0.63185752532802 0.01526684680864
 C -1.11254320717061 0.30284870333367 0.03201309471937
 C -0.15898388229970 1.32100223426056 0.14430206567423
 C -0.63535419497760 -1.00687209309771 -0.05609737001390
Br -0.78084249794902 3.10365972450349 0.26514605678517
 C 1.19613801001591 1.05243366356245 0.16780519958266
Br -1.90989925048242 -2.42384798311228 -0.21063504854927
 C 0.71558123668832 -1.30200405938865 -0.03484006882857
 H 1.90554714119304 1.85990033884576 0.25531012279893
 C 1.62325805109719 -0.26276405489034 0.07760546659959
 H 1.05167303664263 -2.32433097564830 -0.10482048637346
Br 3.48142722876655 -0.64774924746911 0.10850327007237
$end
$temperature
298.15
$end
$mult
 1
$end
$sigma
 1
$end
$pressure
1.00000
$end
$scale
1.0
$end
$msrrho
$end
$freq
81.06
109.67
109.98
115.04
180.79
222.73
235.50
285.41
332.10
332.46
455.13
471.10
520.24
521.40
640.81
647.65
697.73
828.93
840.12
874.94
1020.82
1120.56
1121.36
1218.82
1281.31
1321.92
1377.12
1439.98
1531.33
1557.42
3111.75
3113.47
3405.21
$end
