
$molecule
Br   3.69796635 -0.05158332 -1.33361520
C   1.91506190 -0.02240636 -0.69320370
C   1.03192574 0.98377133 -1.10664356
C   1.47026791 -1.00946544 0.19918356
Br   1.63258698 2.32027530 -2.31428262
C  -0.28766465 1.00422715 -0.63183834
Br   2.66025346 -2.37587871 0.76418767
C   0.15300530 -0.98292344 0.66864317
Br  -1.44121630 2.39468333 -1.22770349
C  -0.75278378 0.02257656 0.26394737
Br  -0.42704114 -2.33186443 1.87817472
C  -2.14323383 0.00760212 0.79099131
H  -2.15439388 0.07963099 1.89279787
H  -2.66210556 -0.93012404 0.52498861
H  -2.78559450 0.82224792 0.42791957
$end
$temperature
298.15
$end
$mult
1
$end
$sigma
1
$end
$pressure
1.00000
$end
$scale
1.093
$end
$msrrho
$end
$freq
31.26
36.85
54.62
113.16
116.05
124.74
137.57
143.48
169.19
208.85
223.94
252.88
321.27
322.11
339.58
397.47
541.61
585.02
593.01
595.21
694.80
720.17
797.65
921.98
1020.35
1024.27
1102.15
1143.81
1221.37
1237.54
1339.91
1346.00
1398.21
1457.11
1574.57
1596.81
2670.03
2670.59
2776.73
$end
