
$molecule
H   2.18067184 1.40705396 1.88994683
C   2.54180026 0.40834262 1.61809974
C   1.59388429 -0.36597987 0.75875143
C   3.71618380 -0.07116794 2.01639596
O   0.46332656 0.56463876 0.59663330
H   2.00463372 -0.59296633 -0.24157394
H   1.21758627 -1.28295287 1.24737096
C  -0.56044543 0.09742635 -0.19553259
C  -0.57453118 0.38675301 -1.57331699
C  -1.65501408 -0.56877591 0.38773692
Br   0.90098571 1.27199355 -2.36855197
C  -1.67521335 0.03458198 -2.35705646
Br  -1.63794578 -0.97376952 2.23946048
C  -2.75977754 -0.92452618 -0.38866963
H  -1.69165917 0.26837464 -3.42700294
C  -2.75391714 -0.61934250 -1.75337363
H  -3.61624136 -1.43382335 0.06609816
Br  -4.25480214 -1.10756177 -2.81832762
H   4.09168023 -1.05129823 1.76080892
H   4.39952962 0.49151895 2.63796829
$end
$temperature
298.15
$end
$mult
1
$end
$sigma
1
$end
$pressure
1.00000
$end
$scale
1.093
$end
$msrrho
$end
$freq
18.62
30.58
68.10
93.41
105.57
115.76
120.57
142.75
161.04
219.35
242.11
255.59
303.37
364.28
430.59
440.84
494.17
496.51
542.26
552.05
684.09
739.21
743.70
852.87
872.77
920.70
935.04
942.79
1002.24
1042.70
1044.14
1094.22
1117.25
1134.02
1185.04
1206.66
1260.43
1273.13
1277.40
1289.91
1331.96
1347.63
1432.93
1467.47
1603.64
1607.29
1798.67
2653.81
2707.44
2719.66
2728.94
2732.18
2742.85
2789.68
$end
