
$molecule
Br   3.68189298 -0.05073952 -1.32829201
C   1.89011112 -0.02261010 -0.68377212
C   1.01950490 0.96759025 -1.09008871
C   1.45194035 -0.99369144 0.19438960
Br   1.62266244 2.31056797 -2.30343210
C  -0.27922269 0.98504662 -0.62081158
Br   2.64838431 -2.36612106 0.76143582
C   0.15330557 -0.96660074 0.65652873
Br  -1.42089824 2.40063584 -1.23970246
C  -0.74788817 0.02024150 0.26391924
Br  -0.40124616 -2.34150464 1.87559848
C  -2.13474088 0.01197426 0.78471774
H  -2.14861821 0.08614200 1.88414167
H  -2.65545877 -0.92211266 0.51867303
H  -2.75555684 0.83754082 0.40551109
$end
$temperature
298.15
$end
$mult
1
$end
$sigma
1
$end
$pressure
1.00000
$end
$scale
1.0
$end
$msrrho
$end
$freq
36.26
43.08
66.58
89.24
99.70
104.12
113.90
124.03
143.94
204.98
216.50
236.32
279.83
311.90
331.77
377.97
522.57
542.84
599.85
604.68
665.25
747.82
762.60
899.38
1019.81
1020.24
1120.67
1261.77
1275.06
1300.15
1340.75
1408.60
1478.04
1554.99
1706.92
1742.53
3004.32
3009.84
3068.33
$end
