
$molecule
C  -0.74371459 -3.24683552 0.19153459
H  -1.37125114 -2.94159620 -0.65863133
H  -1.08202403 -4.24385034 0.54470137
C   0.73547975 -3.24981350 -0.17895734
H   1.36388360 -2.94244322 0.66978920
H   1.07091598 -4.24942428 -0.52748750
O   0.96196268 -2.47893566 -1.35995519
O  -0.96799225 -2.46985336 1.36894687
C   1.16558983 -1.14259173 -1.18950642
C   0.23861523 -0.27220124 -1.77681702
C   2.31200005 -0.60613702 -0.59730198
C   0.39666245 1.10551706 -1.70032079
C   2.48054150 0.77055973 -0.48819073
C   1.50479160 1.60426550 -1.02275572
H  -0.33456418 1.78081553 -2.15641247
H   3.36592575 1.18703246 0.00280289
C  -1.16768560 -1.13371552 1.19230445
C  -0.23816226 -0.26332657 1.77558032
C  -2.31250302 -0.59665330 0.59757684
C  -0.39213757 1.11447766 1.69264437
C  -2.47700693 0.78001459 0.48208480
C  -1.49880863 1.61332056 1.01276401
H   0.34105318 1.78974204 2.14564131
H  -3.36116532 1.19680014 -0.01086780
Br   1.23988901 -0.95629084 2.71825964
Br  -3.71049245 -1.70954308 -0.00850361
Br  -1.67593941 3.48466908 0.80510235
Br   3.70670588 -1.72028977 0.01398422
Br  -1.24147303 -0.96519762 -2.71625801
Br   1.68740909 3.47603096 -0.82384633
$end
$temperature
298.15
$end
$mult
1
$end
$sigma
1
$end
$pressure
1.00000
$end
$scale
1.093
$end
$msrrho
$end
$freq
15.01
20.71
40.38
43.37
54.73
58.79
89.32
111.82
113.38
114.91
115.11
123.21
126.98
165.44
167.78
187.97
188.38
231.63
239.03
253.55
256.19
292.10
303.21
355.56
366.65
367.62
390.97
438.02
445.40
503.13
504.02
521.77
523.38
548.16
554.82
668.30
678.74
745.72
750.96
764.09
767.30
824.20
855.44
915.49
959.65
961.07
962.91
964.27
995.58
1051.78
1088.76
1116.27
1149.84
1159.00
1189.75
1209.34
1248.42
1249.06
1253.70
1256.41
1284.29
1289.74
1326.77
1332.35
1355.62
1355.88
1401.69
1405.72
1487.30
1487.88
1533.64
1539.84
1680.40
1680.56
1681.63
1683.43
2643.00
2647.46
2714.00
2724.21
2729.54
2731.99
2733.07
2734.32
$end
