
$molecule
 C 0.07060638180091 -3.10486049661327 -1.27104075260380
 C 0.00503102393970 -2.21812081623108 -0.02000813319914
 C 1.22449347762371 -1.32424751541325 0.13709412899253
 C -1.21833894137216 -1.32738596848708 -0.16401051293192
 C -0.05662029696565 -3.12340718764256 1.21787157799655
 C 2.40331463791240 -1.51192894897071 -0.56990153522845
 C 1.16843293399780 -0.28547865243909 1.06059837305751
 C -1.16685656259142 -0.27493334142761 -1.07216025104242
 C -2.39630542566728 -1.53058959562759 0.54011282685055
 C 3.48726164681772 -0.67858352256276 -0.36227023957254
 C 3.45022823112308 0.37328171028451 0.55335654802294
Br 5.09203708643485 -0.94406796953496 -1.34016205857141
 C 2.25690499020866 0.53975402567083 1.25673909689074
 O 4.53191779424126 1.14910418114380 0.70678356582086
Br 2.14889294220508 1.97055691518077 2.52853082591687
 C -2.25893858440517 0.54831519805034 -1.25619923586033
 C -3.45149940853333 0.36630874755446 -0.55537629355644
Br -2.15723061687471 1.99810198661825 -2.50683585654782
 C -3.48389766504923 -0.69903953368848 0.34470521716978
 O -4.53658049919210 1.13955691520862 -0.69742973254523
Br -5.08746639551021 -0.98588242836001 1.31853671429086
 H 0.23750854774533 -2.51151870903217 -2.16633336230118
 H 0.86114752210385 -3.84494391635908 -1.17918326267104
 H -0.87398535417784 -3.63240022979994 -1.38513789875333
 H -0.22609826650601 -2.54400860033958 2.12177086153255
 H -0.84391061636699 -3.86552231291177 1.11513185704425
 H 0.89027895844410 -3.64841721947306 1.32424772815092
 H 2.50095472452189 -2.30378191385584 -1.29327432666574
 H 0.26643842698747 -0.11131791630190 1.62684198932831
 H -0.26565041188354 -0.08852726721255 -1.63575417987574
 H -2.49045563891324 -2.33340149180027 1.25177432346760
 H 4.37002753484630 1.83803438893729 1.36966199632261
 H -4.37772917694531 1.83884948543655 -1.35011399892905
$end
$temperature
298.15
$end
$mult
 1
$end
$sigma
 1
$end
$pressure
1.00000
$end
$scale
1.0
$end
$msrrho
$end
$freq
11.67
13.74
23.31
80.95
81.00
88.29
96.11
110.05
115.16
120.40
167.64
184.41
192.53
225.24
229.98
234.49
237.93
241.22
264.18
272.05
294.75
299.52
311.91
349.47
371.33
381.71
445.14
455.03
455.54
470.06
470.70
480.93
515.25
536.96
565.55
599.71
606.90
658.91
666.43
697.43
699.31
716.92
785.45
849.78
851.79
854.04
887.22
887.65
894.34
962.64
964.81
1013.88
1031.25
1036.60
1123.64
1127.93
1133.98
1149.83
1177.96
1231.65
1233.36
1234.61
1239.40
1310.06
1312.37
1323.01
1326.06
1379.26
1381.30
1401.86
1416.26
1467.53
1472.09
1492.60
1497.85
1505.28
1508.77
1534.03
1538.20
1582.14
1583.77
3033.20
3035.01
3040.18
3044.94
3046.37
3046.46
3099.60
3101.10
3128.31
3128.39
3414.59
3414.73
$end
