
$molecule
Br   2.82944891 1.08648689 3.12437180
C   1.34720594 0.71789714 2.00058097
C   0.10267883 0.42188012 2.57171764
C   1.49229077 0.74198867 0.60779831
Br  -0.09711326 0.37763372 4.45327887
C  -0.99367524 0.16286686 1.73895171
Br   3.19793009 1.18412037 -0.10949578
C   0.40829984 0.46202898 -0.24779921
Br  -2.68394304 -0.22077086 2.50810791
C  -0.83946798 0.18912564 0.34716502
C   0.57313650 0.47188074 -1.74340325
Br  -2.37194042 -0.13650562 -0.73202316
C   0.30444559 1.87072808 -2.30711222
H  -0.12692907 -0.26382575 -2.21797823
H   1.60890073 0.14777328 -2.02396308
H   0.43098118 1.85827670 -3.41272758
H  -0.73525177 2.19101665 -2.06666317
H   1.01799181 2.60675643 -1.87068409
$end
$temperature
298.15
$end
$mult
1
$end
$sigma
1
$end
$pressure
1.00000
$end
$scale
1.093
$end
$msrrho
$end
$freq
30.94
35.57
47.71
78.56
114.73
118.80
125.15
126.91
133.34
138.40
209.71
218.27
237.69
253.94
320.45
322.01
364.40
445.86
539.54
586.00
593.30
635.25
690.05
751.71
797.75
859.27
901.01
1007.97
1048.15
1106.41
1114.75
1142.88
1157.51
1290.57
1336.00
1351.79
1353.30
1398.74
1399.31
1403.67
1445.62
1577.62
1596.62
2616.33
2667.72
2668.47
2763.40
2850.82
$end
