
$molecule
 C 0.09758094801705 -3.09211284046178 -1.27405881612919
 C 0.00499898444834 -2.20357155668212 -0.01989118885040
 C 1.24125964255488 -1.31031190295110 0.13984977623412
 C -1.23516251766232 -1.31347875063951 -0.16654033045643
 C -0.08365454478526 -3.11083154922945 1.22108913591159
 C 2.42727806938948 -1.53227946542194 -0.55580347486822
 C 1.20242188343609 -0.25176458344494 1.04354885813027
 C -1.20096644463684 -0.24158996625844 -1.05456533880198
 C -2.42019155217009 -1.55084372608033 0.52570747553765
 C 3.51890116892986 -0.72284200167354 -0.36548485662703
 C 3.48034764721308 0.34524058513729 0.53591630105983
Br 5.11670337535662 -1.00341920946888 -1.29982733490819
 C 2.28994675755298 0.56137298933883 1.23940956475178
 O 4.58324875700615 1.14532540200623 0.71484059512831
Br 2.20899740812586 1.98605226854248 2.45775935780336
 C -2.29204967632940 0.56955833820960 -1.23852202637049
 C -3.48150600664293 0.33785639573064 -0.53839515651388
Br -2.21732629308488 2.01238752132343 -2.43572741182965
 C -3.51535613903743 -0.74349283638051 0.34723997848099
 O -4.58794650192332 1.13556578358601 -0.70569640768425
Br -5.11188234655740 -1.04472813214555 1.27732345712067
 H 0.24944667396763 -2.48950037583456 -2.16843388059989
 H 0.91591349995476 -3.80610461821082 -1.19490569346861
 H -0.82302579314734 -3.65864927430774 -1.40845169294287
 H -0.23807388935480 -2.52208489655052 2.12421906880651
 H -0.89889120159007 -3.82712225216771 1.13145599411872
 H 0.83940620518930 -3.67528709291149 1.34714707261995
 H 2.50825012238683 -2.34426158411728 -1.25618147114523
 H 0.29960369303637 -0.05509604006342 1.59598508836370
 H -0.29901494862152 -0.03285100330339 -1.60398013704689
 H -2.49759685031037 -2.37337380442521 1.21407748887263
 H 4.38098049807065 1.84047584930449 1.37649112462993
 H -4.38872762878252 1.84126032955072 -1.35702911932695
$end
$temperature
298.15
$end
$mult
 1
$end
$sigma
 1
$end
$pressure
1.00000
$end
$scale
1.03
$end
$msrrho
$end
$freq
5.97
8.27
21.75
69.73
71.76
73.40
79.38
83.89
91.41
99.26
146.65
155.02
163.74
195.03
197.11
213.88
219.82
227.36
244.93
266.76
267.92
281.52
292.81
314.08
342.29
354.48
393.23
414.01
417.17
428.42
446.59
477.91
499.12
499.75
524.51
564.29
568.17
635.49
684.12
688.58
702.50
703.27
715.35
716.52
722.33
784.90
797.31
799.85
836.69
867.01
890.62
936.19
1025.65
1030.69
1056.85
1066.38
1090.80
1150.97
1153.54
1190.25
1190.64
1202.02
1229.80
1265.24
1265.59
1357.50
1361.31
1367.40
1369.31
1372.63
1372.82
1406.47
1409.95
1414.14
1414.31
1526.90
1527.14
1596.99
1599.21
1623.64
1624.70
2980.04
2980.08
3043.16
3043.26
3045.46
3046.78
3178.18
3178.24
3187.22
3187.22
3616.79
3617.01
$end
