
$molecule
Br 2.82857222253893 1.09892321829875 3.11794521316255
 C 1.34003999474152 0.72193942197283 1.99353508282249
 C 0.10257439686865 0.42984021532446 2.55594650256419
 C 1.48421964686133 0.73952523624731 0.61045631242417
Br -0.10072362385015 0.39228783710351 4.44811399398911
 C -0.98769441685504 0.17000876838996 1.73336309226005
Br 3.18730940400117 1.16752453307802 -0.14188516398380
 C 0.40737690208017 0.45768639477815 -0.23028304751444
Br -2.68697554654113 -0.20884448809473 2.50210463727564
 C -0.83191104616036 0.19031301652307 0.35158187503381
 C 0.57017094173991 0.47726953404850 -1.72772560386940
Br -2.34873884254150 -0.14504154023879 -0.76042805795667
 C 0.30117679335043 1.87640143073737 -2.28988651648402
 H -0.12315473976571 -0.23428421589376 -2.18237485132078
 H 1.58524297994067 0.17090645250774 -1.99134214719948
 H 0.42400247441677 1.86893023990676 -3.37277465095992
 H -0.71561814474895 2.19077194681193 -2.05371993270344
 H 0.99823260392331 2.59723999849894 -1.86212873754007
$end
$temperature
298.15
$end
$mult
 1
$end
$sigma
 1
$end
$pressure
1.00000
$end
$scale
1.0
$end
$msrrho
$end
$freq
33.87
39.35
55.77
67.30
115.17
131.70
132.96
139.41
142.01
181.90
206.86
210.20
228.15
248.58
314.51
337.97
354.10
429.20
527.61
540.61
569.17
588.83
650.84
691.43
798.52
832.21
898.32
1005.19
1064.92
1075.34
1084.81
1225.94
1235.66
1282.25
1305.80
1345.60
1374.12
1386.77
1459.87
1473.23
1479.09
1498.16
1518.06
3032.61
3038.36
3057.05
3084.40
3084.97
$end
