
$molecule
 H     3.073867   1.260926   0.818061
 C     2.763435   0.335601   1.292714
 C     1.631321  -0.374132   0.636639
 C     3.384635  -0.113794   2.373893
 O     0.513362   0.543898   0.559896
 H     1.900447  -0.675466  -0.381032
 H     1.334221  -1.260588   1.202471
 C    -0.531540   0.126854  -0.195316
 C    -0.607903   0.427903  -1.559363
 C    -1.606369  -0.566764   0.370680
Br     0.819047   1.385650  -2.377394
 C    -1.698915   0.059032  -2.333734
Br    -1.561804  -0.989501   2.225112
 C    -2.711040  -0.947290  -0.378522
 H    -1.733045   0.307128  -3.383528
 C    -2.740271  -0.628589  -1.728149
 H    -3.528251  -1.478770   0.084611
Br    -4.248713  -1.143321  -2.774147
 H     3.075361  -1.029611   2.865125
 H     4.225803   0.413326   2.805422
$end
$temperature
298.15
$end
$mult
 1
$end
$sigma
 1
$end
$pressure
1.00000
$end
$scale
0.99
$end
$msrrho
$end
$freq
21.72
34.77
75.36
100.18
114.14
118.01
124.22
161.19
187.91
231.65
236.50
261.52
336.69
367.29
415.14
446.68
516.81
556.21
583.11
624.61
712.80
747.21
771.08
862.53
892.83
898.94
939.65
971.11
997.73
1002.39
1032.33
1082.69
1125.28
1177.18
1222.05
1264.44
1275.02
1278.70
1321.38
1388.98
1399.93
1456.09
1475.36
1503.27
1568.76
1593.22
1716.57
3014.85
3063.65
3135.90
3155.59
3218.80
3219.11
3220.37
$end
