
$molecule
 H -2.91043854701973 -0.24236986254341 -0.07067880354720
 O -2.41610055426075 0.59681937690831 0.01223085741503
 C -1.09880024445444 0.31464156604262 0.03340305900575
 C -0.16221345051640 1.34160015900840 0.14582947482302
 C -0.64380708654823 -1.00056339750610 -0.05587646280290
Br -0.76997473181380 3.14161370203939 0.26851521616872
 C 1.19247552847107 1.05470579698541 0.16786435129241
Br -1.96300699084020 -2.37897032985721 -0.20883101187049
 C 0.70723210376659 -1.29895510622295 -0.03487452520371
 H 1.91152200227996 1.85767442556280 0.25533115133305
 C 1.62188139034427 -0.26188889853544 0.07762894052046
 H 1.04234718233694 -2.32444899437998 -0.10513801670084
Br 3.48828339825472 -0.65195643750184 0.10839676956671
$end
$temperature
298.15
$end
$mult
 1
$end
$sigma
 1
$end
$pressure
1.00000
$end
$scale
1.0
$end
$msrrho
$end
$freq
82.15
106.37
108.12
114.32
178.09
239.02
249.87
304.44
325.55
347.10
459.95
483.76
517.09
522.00
641.90
702.07
759.88
821.17
855.42
858.29
1066.47
1103.14
1135.55
1195.58
1284.21
1310.37
1390.20
1452.47
1544.86
1566.67
3138.93
3140.87
3432.44
$end
