
$molecule
C   1.56712132 -4.02483735 0.44219775
C   1.54815513 -5.15641883 -0.59485251
H   2.56927998 -5.48643820 -0.82709358
H   1.00169807 -6.03229266 -0.22527227
H   1.09078379 -4.85615238 -1.54467581
C   2.19482425 -4.57038701 1.73233527
H   3.20461077 -4.95942477 1.55574949
H   2.26315228 -3.81638673 2.52505255
H   1.59512451 -5.39691028 2.13587621
C   2.29240119 -2.79565284 -0.12726926
C   1.78858475 -2.24115388 -1.31847626
C   3.29242828 -2.11153150 0.57489181
C   2.16591352 -0.96190992 -1.71327741
C   3.66819317 -0.82581892 0.17859022
C   3.05383816 -0.20866279 -0.92549246
H   1.06233253 -2.80512965 -1.91286264
H   3.76238385 -2.56323759 1.45202821
C   0.17961954 -3.43400280 0.73873917
C  -0.96399482 -3.77188816 0.00850859
C   0.11322074 -2.37990000 1.67203171
C  -2.11899840 -2.98804052 0.10994539
C  -1.02534909 -1.58996798 1.75499266
C  -2.13551772 -1.84690343 0.92540772
H  -0.96030820 -4.63715154 -0.65886009
H   0.98347593 -2.15311576 2.29695317
O   3.41673387 1.08483560 -1.25028476
C   2.38753700 2.09960680 -1.07952102
H   1.41674245 1.77218131 -1.49416516
H   2.80551628 2.91083312 -1.71156132
C   2.29800023 2.50376171 0.39092932
H   3.30357875 2.39338239 0.87402544
O  -3.22588806 -1.00844333 1.04793443
C  -3.54787886 -0.16139914 -0.08619575
H  -4.46965426 0.32057305 0.31466092
H  -3.80511754 -0.77534024 -0.96594396
C  -2.45074179 0.86124739 -0.36798564
H  -1.93535406 1.16699966 0.57951833
C  -2.95714386 2.05912440 -1.14186637
H  -2.13054969 2.69448534 -1.51976212
H  -3.58151182 1.77723276 -2.00968027
C   1.79535913 3.91916831 0.57054551
H   1.64680159 4.17428491 1.63889445
H   2.49878803 4.65814263 0.14092943
Br   0.06302185 4.22868360 -0.31140338
Br  -4.04724706 3.22424849 0.00753450
Br   1.11940808 1.25121610 1.38362663
Br  -1.00871424 0.04620686 -1.48178582
Br   1.43088773 -0.25572703 -3.32091857
Br   5.00158421 0.09781249 1.17085000
Br  -3.66179970 -3.49389859 -0.87609551
Br  -1.04133436 -0.11986449 2.96473177
$end
$temperature
298.15
$end
$mult
1
$end
$sigma
1
$end
$pressure
1.00000
$end
$scale
1.093
$end
$msrrho
$end
$freq
8.22
17.06
20.35
26.38
27.42
38.19
44.68
52.02
52.98
58.00
62.35
81.28
90.19
93.87
97.69
106.85
116.19
131.48
133.46
138.28
159.54
162.45
167.49
172.88
175.84
188.86
197.35
207.24
210.80
216.86
238.64
252.21
262.34
273.34
276.83
302.59
307.92
312.32
327.88
342.22
355.17
390.86
401.90
429.05
464.28
478.02
480.79
486.37
502.48
510.92
527.05
538.45
567.03
582.25
610.07
616.24
651.63
659.30
676.26
712.92
718.33
730.70
740.72
745.38
767.53
821.61
833.08
895.65
908.08
920.15
924.65
927.40
931.31
956.95
958.67
960.89
982.45
983.68
1010.30
1010.76
1040.17
1052.04
1084.08
1090.39
1096.78
1121.03
1123.83
1126.55
1130.64
1140.26
1159.30
1160.99
1163.87
1178.23
1183.74
1190.81
1200.44
1208.67
1233.24
1234.78
1240.00
1246.01
1247.48
1250.65
1257.41
1262.79
1264.78
1266.76
1270.46
1277.29
1284.87
1286.40
1290.04
1298.93
1303.67
1330.22
1339.90
1367.37
1384.08
1434.09
1438.67
1485.18
1495.10
1602.94
1604.86
1625.33
1628.72
2636.31
2642.17
2644.51
2644.75
2654.19
2655.21
2685.41
2687.95
2691.99
2696.04
2706.01
2710.76
2712.49
2717.89
2727.64
2729.62
2737.01
2737.98
2785.76
2788.51
$end
