
$molecule
Br 2.18416027818128 -2.60980883287565 -1.51747213180988
 C 0.91048151697403 -2.52982076023350 -0.10938356445232
 C 0.63666821795499 -1.27636225081801 0.44259390094985
 C 0.27550226587182 -3.66237221683984 0.37668300684964
 O 1.25851410632907 -0.20651885572456 -0.14045820518374
 C -0.30789781581283 -1.15528510666728 1.46089743439562
Br 0.66901050089630 -5.36078134215623 -0.38080459483992
 C -0.63786764813577 -3.54730969278281 1.42141327419748
 C 1.84488469144533 0.83640124702233 0.52262416699074
Br -0.76146425583272 0.56457135848058 2.14168418896200
 C -0.93003116882355 -2.29710748039371 1.95734069713384
Br -1.49278814216835 -5.10254993337092 2.10739227768267
 C 1.60140509486307 2.11281107723594 0.01047161389674
 C 2.72982119517760 0.67017087513583 1.58706936663756
Br -2.19590124931333 -2.13775515241189 3.36830041054341
Br 0.40996290878710 2.25354198311680 -1.46337510612903
 C 2.20612741924071 3.22260641586204 0.58056861774859
Br 3.14362926249693 -1.07921853230236 2.21619890528071
 C 3.32118148109591 1.78889947785496 2.16709847262571
Br 1.85607542829316 4.95364053135445 -0.12251993463014
 C 3.05833674043308 3.06126708349485 1.66980369632806
Br 4.50487013087016 1.57142935017421 3.64037374896007
Br 3.87081804117598 4.58404875684476 2.47029975786228
$end
$temperature
298.15
$end
$mult
 1
$end
$sigma
 1
$end
$pressure
1.00000
$end
$scale
1.0
$end
$msrrho
$end
$freq
13.21
14.55
15.86
35.29
37.08
38.37
42.32
50.24
55.08
78.91
119.67
123.92
129.26
129.39
131.90
135.30
135.42
140.55
145.02
156.07
202.12
205.73
223.10
228.08
249.11
249.46
254.81
309.27
310.73
312.58
347.67
416.02
425.88
520.05
521.04
542.11
554.50
564.08
574.84
620.15
620.50
623.94
632.00
727.35
735.88
840.28
840.56
910.73
988.88
1084.36
1107.69
1239.20
1258.33
1278.84
1280.64
1350.08
1354.12
1370.65
1375.32
1491.36
1496.75
1507.91
1518.95
$end
