
$molecule
Br   2.82307029 1.08682214 3.10803475
C   1.33143555 0.71562227 1.97876157
C   0.10403120 0.43040550 2.54148369
C   1.47430704 0.73291495 0.60609537
Br  -0.10081725 0.40194615 4.43477261
C  -0.97437805 0.16890294 1.72101367
Br   3.21038248 1.15630794 -0.09945027
C   0.40819920 0.46129738 -0.24520654
Br  -2.67511958 -0.21678136 2.49350667
C  -0.81941336 0.18908360 0.34969662
C   0.56843621 0.48385300 -1.72683464
Br  -2.37252800 -0.16744898 -0.72346501
C   0.29239622 1.88967873 -2.23960757
H  -0.10721496 -0.25435484 -2.21186064
H   1.58623502 0.14723925 -2.02256974
H   0.40060189 1.94829488 -3.33210256
H  -0.72819389 2.22289320 -2.00134662
H   0.98401055 2.62892624 -1.80995789
$end
$temperature
298.15
$end
$mult
1
$end
$sigma
1
$end
$pressure
1.00000
$end
$scale
1.0
$end
$msrrho
$end
$freq
35.25
40.95
49.47
54.07
100.08
104.63
114.02
115.09
125.55
168.11
205.00
212.11
227.20
236.37
287.03
311.52
354.63
434.03
521.82
541.52
600.31
639.71
674.43
762.02
780.45
865.52
885.66
1014.97
1056.15
1126.96
1128.95
1140.18
1286.22
1292.52
1294.44
1300.82
1337.50
1344.79
1407.28
1476.86
1549.52
1707.10
1741.21
2924.88
2987.73
3026.74
3027.61
3081.42
$end
