
$molecule
 H -2.96332746231134 -0.20410022620700 -0.06939113612793
 O -2.43809753094766 0.61964441201526 0.01331514600505
 C -1.09839056548588 0.31435329287285 0.03339402908901
 C -0.14654518555489 1.33480549146450 0.14580903952655
 C -0.64073925444746 -1.00755238089382 -0.05632969985961
Br -0.77533129175506 3.09332346174247 0.26450692996453
 C 1.19820516108664 1.04793756723601 0.16751673798201
Br -1.90430504033969 -2.38649283963455 -0.20748743541083
 C 0.70662467671185 -1.28633948916552 -0.03389448267264
 H 1.91794233848864 1.84543810065832 0.25457261630494
 C 1.62797137713113 -0.26229636298469 0.07779713528320
 H 1.04469223742516 -2.30744484891191 -0.10371209721289
Br 3.47070053999856 -0.65337417819191 0.10770421712861
$end
$temperature
298.15
$end
$mult
 1
$end
$sigma
 1
$end
$pressure
1.00000
$end
$scale
1.03
$end
$msrrho
$end
$freq
71.00
77.71
81.28
94.36
154.33
184.76
203.01
257.12
283.76
293.06
412.09
413.57
497.03
536.72
595.53
670.99
686.73
696.75
784.26
798.55
1027.16
1104.36
1140.26
1165.61
1254.02
1332.62
1398.47
1517.91
1594.75
1608.09
3169.22
3170.07
3618.88
$end
