
$molecule
Br   2.89634477 1.09099074 2.89926131
C   1.31182328 0.72252217 2.00144295
C   0.09634346 0.44248170 2.58485070
C   1.45346043 0.74578725 0.62773629
Br  -0.10197429 0.40966800 4.42833770
C  -0.96507243 0.18271514 1.74695316
Br   3.20136649 1.12426598 0.10468329
C   0.40007397 0.49561318 -0.24528161
Br  -2.69711755 -0.23526747 2.27408419
C  -0.81147799 0.20874923 0.37458284
C   0.55862939 0.52461957 -1.72541857
Br  -2.39316829 -0.20219587 -0.52061622
C   0.29291472 1.90786808 -2.28293506
H  -0.13594413 -0.21188897 -2.17776010
H   1.58532557 0.19627533 -1.98538143
H   0.41285803 1.91621698 -3.37374244
H  -0.72736204 2.24608605 -2.05970566
H   0.98516265 2.65221769 -1.86829543
$end
$temperature
298.15
$end
$mult
1
$end
$sigma
1
$end
$pressure
1.00000
$end
$scale
0.953
$end
$msrrho
$end
$freq
32.73
45.07
47.48
63.46
80.59
102.76
117.99
166.74
168.13
193.52
218.56
220.57
237.15
263.75
265.46
283.18
362.52
444.72
535.29
595.87
609.20
654.80
724.81
819.42
838.58
854.83
966.34
1039.44
1045.60
1115.44
1120.14
1169.50
1307.83
1387.15
1400.53
1402.17
1404.94
1409.94
1479.77
1526.56
1636.97
1778.18
1840.10
2949.98
3013.83
3084.03
3086.81
3181.88
$end
