
$molecule
H   2.21730392 1.44306220 1.82208503
C   2.55637105 0.42991937 1.57768258
C   1.57540807 -0.36458327 0.77622226
C   3.73505812 -0.05333055 1.95840329
O   0.44413844 0.56651810 0.62230675
H   1.95477816 -0.63004553 -0.22746005
H   1.20689585 -1.26127653 1.30790350
C  -0.57267195 0.10002256 -0.17930808
C  -0.57210654 0.38623850 -1.55781259
C  -1.66916420 -0.57101920 0.39441614
Br   0.91782806 1.26101889 -2.33894189
C  -1.66628053 0.03470364 -2.35085206
Br  -1.65790460 -0.98871174 2.24388493
C  -2.76766082 -0.92580433 -0.39137389
H  -1.67305227 0.26736448 -3.42106898
C  -2.75069873 -0.61807087 -1.75562273
H  -3.62695912 -1.43709965 0.05554532
Br  -4.24406626 -1.10368595 -2.83311786
H   4.08659924 -1.04849543 1.72754875
H   4.44552031 0.52043709 2.53792793
$end
$temperature
298.15
$end
$mult
1
$end
$sigma
1
$end
$pressure
1.00000
$end
$scale
1.093
$end
$msrrho
$end
$freq
16.73
30.88
68.10
93.98
116.26
122.66
125.27
145.27
160.76
219.77
247.30
255.48
303.61
365.48
431.64
442.99
493.86
498.18
542.29
552.93
684.14
739.63
743.15
852.98
873.05
920.25
934.49
944.99
1002.94
1042.88
1045.93
1094.71
1117.50
1142.18
1185.92
1213.42
1263.66
1274.12
1285.61
1296.98
1332.70
1349.16
1434.39
1468.57
1603.12
1606.64
1798.00
2651.61
2704.86
2718.78
2726.77
2730.10
2742.59
2788.43
$end
