
$molecule
Br     2.215922  -2.608011  -1.472099
 C     0.915060  -2.523690  -0.101599
 C     0.624411  -1.267246   0.438742
 C     0.280851  -3.664101   0.388343
 O     1.258417  -0.206357  -0.141819
 C    -0.340711  -1.143115   1.438495
Br     0.697377  -5.356796  -0.347341
 C    -0.648335  -3.549875   1.432227
 C     1.856950   0.827646   0.519319
Br    -0.817743   0.581016   2.065699
 C    -0.960239  -2.288618   1.952458
Br    -1.486434  -5.100364   2.127390
 C     1.596336   2.106611   0.017897
 C     2.763428   0.659206   1.566370
Br    -2.231339  -2.119245   3.345518
Br     0.376033   2.251767  -1.419949
 C     2.200290   3.223967   0.591973
Br     3.205598  -1.090995   2.145041
 C     3.351399   1.780632   2.163736
Br     1.824728   4.947374  -0.092698
 C     3.068431   3.063567   1.681338
Br     4.541134   1.549662   3.618447
Br     3.863935   4.581463   2.489312
$end
$temperature
298.15
$end
$mult
 1
$end
$sigma
 1
$end
$pressure
1.00000
$end
$scale
0.99
$end
$msrrho
$end
$freq
13.38
14.89
17.67
36.47
40.58
41.03
44.16
53.81
58.24
87.42
137.63
144.10
145.47
146.32
148.57
153.94
155.28
157.48
168.63
173.69
208.71
209.92
222.29
224.89
237.26
238.06
281.10
319.36
320.43
324.24
359.25
423.76
440.33
561.64
561.96
594.77
595.83
610.52
621.61
629.19
629.37
712.73
721.44
750.36
781.92
809.15
809.52
888.48
982.01
1085.55
1095.06
1201.85
1230.92
1249.59
1256.13
1330.82
1337.64
1366.94
1372.90
1519.59
1520.05
1530.43
1543.02
$end
