
$molecule
Br   2.23138021 -2.68843672 -1.51922209
C   0.95852974 -2.53950451 -0.13471925
C   0.66011555 -1.27210045 0.40546531
C   0.30960036 -3.66431945 0.38397089
O   1.26165061 -0.20411289 -0.24929487
C  -0.27915041 -1.11903866 1.43915000
Br   0.69254528 -5.37813300 -0.32435295
C  -0.61245722 -3.52802425 1.43521444
C   1.82347178 0.83389958 0.48422720
Br  -0.69556407 0.59780065 2.10109882
C  -0.90456900 -2.26007404 1.95853076
Br  -1.46174712 -5.06082070 2.14671220
C   1.55490570 2.12378555 -0.01697365
C   2.70227416 0.63521591 1.56237579
Br  -2.15206541 -2.08265398 3.37251769
Br   0.36310930 2.33388956 -1.46427854
C   2.17176849 3.22437627 0.58598146
Br   3.08226779 -1.10910562 2.17242574
C   3.29560655 1.75201608 2.16536756
Br   1.82785800 4.96756841 -0.06858752
C   3.03236915 3.04172804 1.68137120
Br   4.46045731 1.51228507 3.63939575
Br   3.83774167 4.54131931 2.50572578
$end
$temperature
298.15
$end
$mult
1
$end
$sigma
1
$end
$pressure
1.00000
$end
$scale
1.093
$end
$msrrho
$end
$freq
12.03
12.83
14.84
31.82
34.47
34.77
38.38
43.93
52.17
83.02
109.82
110.53
113.92
114.20
120.19
120.97
131.21
146.62
154.16
165.65
209.20
209.54
225.64
231.55
254.46
257.20
257.41
316.27
316.73
322.35
348.29
425.06
440.65
545.56
556.93
589.25
589.50
596.62
603.04
603.92
630.33
694.79
715.18
720.97
758.83
809.03
810.31
900.13
946.48
1074.62
1109.37
1147.59
1148.73
1329.09
1338.16
1386.68
1409.45
1414.20
1428.87
1579.79
1583.58
1587.86
1592.31
$end
