
$molecule
 H 2.64002906190521 1.44794488125512 1.70900690210982
 C 2.61964980802423 0.37811036560770 1.58339064518207
 C 1.46582595494881 -0.18368909942667 0.84173764633681
 C 3.58896544643489 -0.36800299797848 2.07045004420454
 O 0.51203044075560 0.81180894808264 0.47319141267147
 H 1.80336426192543 -0.67598238813252 -0.07725275696586
 H 0.94842216907698 -0.93500544480178 1.44809370141428
 C -0.57090203495435 0.29371187366813 -0.27056664911307
 C -0.60332815491239 0.42057023672039 -1.66550336275293
 C -1.63216264645092 -0.37274062194247 0.35708265187610
Br 0.85137467015535 1.27713628134466 -2.47895253512583
 C -1.65277361451139 -0.08857151463130 -2.39459730993766
Br -1.56935909491049 -0.54016197775216 2.22305252045263
 C -2.67676746637253 -0.88091320162320 -0.38018154290726
 H -1.66370351331778 0.01659314497630 -3.46692806295416
 C -2.69100399224354 -0.74010108443225 -1.75539003280199
 H -3.48715047122191 -1.38956344491238 0.11567476148578
Br -4.12537030025920 -1.44138789879749 -2.75942030217825
 H 3.57836214128381 -1.43313807274762 1.94841065889614
 H 4.41814533464416 0.05587401552299 2.60214061010711
$end
$temperature
298.15
$end
$mult
 1
$end
$sigma
 1
$end
$pressure
1.00000
$end
$scale
1.03
$end
$msrrho
$end
$freq
13.64
30.93
37.08
57.61
77.59
78.45
80.70
131.10
151.20
172.37
199.24
204.83
283.91
284.54
364.06
401.24
446.84
457.75
483.44
537.61
628.44
669.48
685.32
702.44
719.76
745.96
781.83
795.33
846.85
897.44
952.87
1029.22
1102.44
1107.45
1162.38
1165.20
1182.20
1240.70
1322.53
1323.30
1360.49
1384.33
1415.67
1488.48
1594.03
1605.80
1671.42
2954.33
2990.58
3152.97
3170.86
3171.91
3177.90
3240.22
$end
