
$molecule
O   0.88840454 0.01620721 -0.16283808
C   0.65421304 -0.25302131 0.99037613
C   1.59575026 -0.10997421 2.15473316
O  -0.52343152 -0.73872326 1.45205339
C   1.84652966 1.15359693 2.69976593
C   2.23723702 -1.23998901 2.67891282
C  -1.64593887 -0.84577375 0.49986495
C   1.11791544 2.35845557 2.17059782
C   2.75918423 1.29440743 3.75356065
Br   1.84503779 -2.93339257 1.92120932
C   3.14556488 -1.10464305 3.73874309
C  -2.88658037 -0.39398174 1.28350379
H  -1.44516920 -0.21511008 -0.38639407
H  -1.66798163 -1.91146174 0.22027879
C  -2.75871179 1.08486901 1.69464653
C  -3.10009322 -1.27914262 2.52834760
H  -3.76753581 -0.51102375 0.60289341
C  -2.99549943 2.04172261 0.52237410
H  -3.47259653 1.31730210 2.50769488
H  -1.75106490 1.26189838 2.13473430
C  -3.51782129 -2.70329460 2.17412979
H  -3.86899342 -0.82064929 3.18054548
H  -2.16478213 -1.29587014 3.12647784
C  -2.72213192 3.49534560 0.93155247
H  -4.03388335 1.94439086 0.15367552
H  -2.34274793 1.76847602 -0.33846435
C  -2.72020085 4.42821840 -0.27601633
H  -3.47713241 3.82637904 1.66961166
H  -1.74442808 3.55971248 1.45763902
H  -3.66300656 4.37539064 -0.83072904
H  -2.57211280 5.46990698 0.02575523
H  -1.90984051 4.16251955 -0.97544659
H  -3.71568432 -3.28894256 3.07991908
H  -4.42934941 -2.72117944 1.56681524
H  -2.73380386 -3.22861367 1.61659294
O   1.96801040 3.05827818 1.38079172
O  -0.02757158 2.66428617 2.39763916
Br   3.08138748 3.03117668 4.44308751
C   3.40985743 0.16717253 4.27567619
Br   4.01206228 -2.63449239 4.44226459
C   1.43073000 4.22344174 0.65162835
Br   4.64105524 0.36220612 5.70127734
C   2.04982093 4.14775754 -0.75134457
H   0.32579032 4.17767917 0.63574606
H   1.77447406 5.09243032 1.23579090
C   1.58209706 2.87598147 -1.48332098
C   3.58972739 4.18389274 -0.67239581
H   1.69682707 5.04718122 -1.31660450
C   0.14004580 2.98550527 -1.98764165
H   2.25313866 2.65964200 -2.33647507
H   1.68434080 1.99843305 -0.80539493
C   4.12519037 5.54405691 -0.23498040
H   3.93586316 3.39602435 0.02921398
H   4.01712179 3.91948885 -1.65944241
C  -0.33407304 1.65834479 -2.59523402
H   0.05881692 3.79275039 -2.73962919
H  -0.54062833 3.27848429 -1.15559427
C  -1.82997080 1.68000960 -2.89537060
H  -0.10190496 0.82275226 -1.89901524
H   0.23780663 1.44171160 -3.51746635
H  -2.41428365 1.80618667 -1.96833061
H  -2.15452597 0.74867377 -3.37009969
H  -2.09703074 2.50360726 -3.56602568
H   5.22177331 5.55273212 -0.24206055
H   3.80815155 5.79599607 0.78353719
H   3.78708710 6.34725658 -0.89881740
$end
$temperature
298.15
$end
$mult
1
$end
$sigma
1
$end
$pressure
1.00000
$end
$scale
1.093
$end
$msrrho
$end
$freq
9.73
13.40
18.01
24.85
31.90
36.51
39.95
40.09
42.64
45.71
52.77
68.79
76.10
77.10
87.45
94.96
99.68
106.38
107.83
108.82
117.15
124.20
125.14
132.17
138.79
139.66
153.15
156.61
161.33
186.21
192.87
194.13
200.01
215.27
220.51
235.10
239.14
247.95
252.89
273.90
282.74
295.97
296.15
306.46
307.91
330.44
332.25
372.66
437.23
458.96
461.92
479.84
495.72
496.45
554.17
567.58
569.27
573.11
635.90
649.03
676.38
703.14
738.66
757.87
758.89
769.24
782.28
822.05
822.78
837.76
838.62
888.85
889.63
913.00
922.67
934.41
941.18
945.47
953.95
959.30
960.71
983.25
991.54
1028.85
1030.94
1054.23
1055.22
1080.40
1096.76
1104.83
1109.43
1127.32
1130.38
1135.17
1139.21
1144.07
1146.34
1150.10
1151.12
1161.95
1162.02
1174.16
1174.40
1178.55
1180.04
1184.22
1185.20
1196.01
1196.85
1203.06
1204.44
1213.16
1213.43
1228.25
1248.67
1249.35
1256.15
1257.17
1261.71
1261.82
1263.34
1263.48
1264.99
1266.11
1267.80
1273.84
1274.29
1275.49
1275.91
1278.86
1279.23
1284.23
1284.38
1287.23
1288.77
1288.89
1290.86
1302.72
1305.36
1308.44
1309.08
1320.14
1320.46
1324.88
1327.97
1336.50
1340.06
1340.36
1342.74
1342.90
1343.74
1345.77
1419.92
1470.13
1601.75
1608.91
1803.63
1808.79
2615.19
2616.41
2641.81
2643.28
2649.67
2651.91
2654.05
2662.39
2662.51
2662.71
2673.91
2683.78
2685.60
2686.48
2693.62
2693.74
2699.48
2699.66
2700.50
2700.69
2707.03
2707.38
2724.33
2725.07
2734.69
2734.93
2739.06
2739.12
2742.74
2742.94
2779.35
2780.54
2786.76
2786.79
$end
