
$molecule
H  -3.03438876 -0.05105402 -0.05959033
O  -2.38390828 0.69671800 0.02122281
C  -1.09829208 0.29950003 0.03221895
C  -0.15943312 1.33804182 0.14563705
C  -0.65382133 -1.02218113 -0.05792386
Br  -0.77085241 3.11466528 0.26633708
C   1.19894442 1.06427088 0.16883764
Br  -1.88638312 -2.44259702 -0.21134964
C   0.70682317 -1.31336535 -0.03603149
H   1.93094282 1.87375457 0.25724933
C   1.61117873 -0.26472878 0.07705347
H   1.05498839 -2.34911996 -0.10667960
Br   3.46305573 -0.64977723 0.10775509
$end
$temperature
298.15
$end
$mult
1
$end
$sigma
1
$end
$pressure
1.00000
$end
$scale
1.093
$end
$msrrho
$end
$freq
69.52
107.51
113.40
116.90
165.06
248.61
253.04
276.00
313.05
331.70
366.34
501.55
524.94
540.39
699.67
720.29
759.53
875.55
964.05
967.21
1138.66
1196.81
1252.61
1308.49
1358.58
1426.27
1508.93
1558.19
1682.50
1688.98
2731.08
2733.16
2752.13
$end
