
$molecule
C  -0.17058033 -0.77167860 0.55681562
C   1.15025620 -0.85408330 0.08727548
C  -0.72852273 0.48168963 0.84681885
C   1.91999341 0.31075805 -0.05925771
C   0.03606754 1.64576681 0.69464570
C   1.35826615 1.55710210 0.25240252
C  -2.15902900 0.61638528 1.26319606
O  -2.80073444 -0.05032389 2.03356201
O  -2.67744239 1.70172080 0.59843043
C  -4.12848172 1.89741887 0.63231338
H  -4.46927151 1.80253951 1.67915337
H  -4.20777552 2.94112119 0.28359779
C  -4.80975718 0.88409969 -0.29945457
H  -4.37307424 -0.12693800 -0.08524748
C  -6.32156035 0.84265487 0.00420511
H  -6.74487611 1.86482262 -0.02482556
H  -6.84120476 0.28309461 -0.79990528
C  -6.62511969 0.18436906 1.34694853
H  -6.23908530 -0.84236442 1.38856175
H  -7.70375817 0.13918327 1.53291906
H  -6.16784857 0.72635396 2.18391888
C  -4.57400079 1.21098956 -1.78705706
H  -5.18392239 0.52630884 -2.40979601
H  -4.94583850 2.22942182 -2.00985790
C  -3.10430210 1.10509917 -2.21556563
H  -2.48049604 1.77189397 -1.58352999
H  -2.99587645 1.48277223 -3.25002280
C  -2.56773751 -0.32993611 -2.13030144
H  -3.15638417 -0.99523229 -2.79066090
H  -2.72078591 -0.71864440 -1.10350788
C  -1.08889954 -0.40635682 -2.50233157
H  -0.93485770 -0.22921990 -3.57256381
H  -0.49363453 0.34000585 -1.96349960
H  -0.67141094 -1.39374110 -2.26683842
Br  -1.20251839 -2.35017349 0.76219315
Br   1.88000994 -2.53816306 -0.38346639
Br   3.70564679 0.20232837 -0.68573530
Br   2.35694305 3.16040663 0.07092661
H  -0.42065054 2.62106816 0.91064222
$end
$temperature
298.15
$end
$mult
1
$end
$sigma
1
$end
$pressure
1.00000
$end
$scale
1.093
$end
$msrrho
$end
$freq
16.47
18.44
22.72
36.07
44.30
57.26
67.09
76.30
89.25
105.66
109.15
114.16
123.15
136.75
141.80
153.83
193.13
216.40
222.78
226.83
231.04
240.91
255.97
264.41
295.22
302.17
325.21
360.59
380.09
444.30
464.31
472.69
480.42
529.94
545.42
582.33
615.80
685.07
705.35
744.67
770.84
772.44
818.02
848.66
873.18
898.84
931.23
939.97
943.01
966.22
984.65
1020.01
1056.81
1069.47
1070.24
1120.95
1129.72
1132.48
1146.89
1149.57
1160.97
1171.59
1179.31
1185.89
1191.00
1198.53
1209.94
1226.19
1244.13
1252.24
1255.66
1260.19
1267.01
1268.49
1275.46
1280.88
1285.56
1287.41
1289.71
1293.82
1296.87
1307.23
1314.67
1326.10
1328.61
1338.08
1342.55
1348.88
1405.70
1461.61
1596.06
1607.97
1825.02
2651.67
2656.69
2663.34
2666.57
2670.78
2680.59
2690.20
2693.98
2696.21
2700.12
2714.44
2718.20
2732.27
2739.63
2743.08
2746.65
2785.66
2786.27
$end
