
$molecule
C  -0.10462840 -0.64957110 0.48908448
C   1.24582660 -0.80368232 0.24615662
C  -0.63278521 0.60309321 0.75871035
C   2.07790117 0.29785295 0.26838989
C   0.19741169 1.72369632 0.77046968
C   1.54970502 1.54567345 0.52686357
C  -2.07040321 0.76822829 1.05203986
O  -2.69423007 0.25944798 1.96135973
O  -2.64384513 1.64121806 0.18830210
C  -4.03161715 1.88295666 0.30493854
H  -4.32232350 2.09243949 1.36110682
H  -4.15390467 2.84111591 -0.24443350
C  -4.84630467 0.73343190 -0.30711776
H  -4.31993847 -0.24066732 -0.14157489
C  -6.21620353 0.66709972 0.38479429
H  -6.72264746 1.65467343 0.33979333
H  -6.89467399 -0.01682824 -0.16853456
C  -6.09274169 0.19793962 1.82495329
H  -5.66234607 -0.81128554 1.90016443
H  -7.07047140 0.16307157 2.32705263
H  -5.44980958 0.85525468 2.43020343
C  -5.05917551 0.94684749 -1.80951471
H  -5.70755771 0.13834373 -2.21286936
H  -5.64772888 1.87552937 -1.97762362
C  -3.77080924 1.01101421 -2.62357926
H  -3.11402323 1.83653022 -2.28057624
H  -4.02457363 1.29138575 -3.67038815
C  -3.01117958 -0.31199616 -2.61614619
H  -3.69128778 -1.15855409 -2.84792167
H  -2.61758040 -0.53450841 -1.60132668
C  -1.86333004 -0.27691352 -3.61329014
H  -2.21072019 -0.14495692 -4.64818603
H  -1.15942671 0.54257246 -3.40851608
H  -1.27784803 -1.20762625 -3.59511392
Br  -1.23262031 -2.19243514 0.42023594
Br   1.96271465 -2.52945258 -0.12169976
Br   3.94291559 0.09100263 -0.06098998
Br   2.71416571 3.06759422 0.54647529
H  -0.21049412 2.72166656 0.96530919
$end
$temperature
298.15
$end
$mult
1
$end
$sigma
1
$end
$pressure
1.00000
$end
$scale
1.0
$end
$msrrho
$end
$freq
48.47
10.73
18.64
23.20
36.57
44.42
48.17
60.12
74.19
80.67
99.07
103.07
106.62
113.00
125.83
152.36
191.14
195.34
213.31
218.81
225.55
239.13
264.53
274.23
315.48
326.26
353.57
385.77
407.53
432.84
447.50
485.17
512.39
541.88
550.16
583.78
651.32
708.96
726.35
745.25
765.85
809.90
839.43
874.40
885.15
923.48
949.86
959.00
963.15
984.61
1020.40
1040.31
1081.35
1083.51
1127.89
1132.94
1145.03
1146.71
1156.18
1167.55
1177.29
1181.80
1185.97
1192.38
1221.12
1238.76
1244.78
1261.03
1282.27
1283.35
1289.86
1296.61
1299.60
1300.38
1307.32
1308.48
1317.54
1325.13
1335.55
1341.38
1350.05
1354.04
1358.50
1365.05
1369.27
1382.87
1411.18
1479.46
1482.17
1577.71
1713.23
1743.74
1982.03
2888.20
2900.06
2922.59
2928.19
2938.02
2942.69
2952.03
2984.16
2988.05
2992.53
3002.54
3015.87
3026.15
3027.24
3027.57
3054.22
3080.98
3084.15
$end
