
$molecule
O   0.68479724 0.11987459 -0.14317729
C   0.55279398 -0.24005421 1.00130728
C   1.54226012 -0.08803952 2.12499562
O  -0.54564935 -0.86232629 1.49724652
C   1.81843267 1.18154065 2.64857002
C   2.18696514 -1.21628371 2.64962233
C  -1.71322207 -1.02665803 0.61172821
C   1.13438474 2.39539733 2.07990900
C   2.73265881 1.31996929 3.70159156
Br   1.80244180 -2.91933616 1.91250023
C   3.10535548 -1.07926798 3.69986839
C  -2.92480424 -0.53892597 1.42119120
H  -1.55403929 -0.44047808 -0.31901136
H  -1.73120495 -2.12053145 0.42477959
C  -2.80443404 0.96024086 1.76607266
C  -3.08382032 -1.36950739 2.71545309
H  -3.82972335 -0.69058122 0.77884110
C  -2.96046300 1.87448506 0.54161843
H  -3.59197611 1.22334193 2.51084977
H  -1.80460810 1.14943583 2.23585647
C  -3.62252132 -2.77962053 2.46522822
H  -3.78562351 -0.83988129 3.40314285
H  -2.08445136 -1.43552026 3.21493722
C  -2.95049226 3.35501732 0.96078383
H  -3.91607687 1.64408423 0.01804949
H  -2.11154400 1.69674613 -0.15959114
C  -3.21842787 4.29169728 -0.21989308
H  -3.73024008 3.52397979 1.74082667
H  -1.95114145 3.59224428 1.40840236
H  -4.21223898 4.07199522 -0.66846932
H  -3.20827010 5.34717472 0.13125219
H  -2.43902439 4.16790495 -1.00315256
H  -3.80560196 -3.28340525 3.44175578
H  -4.58003644 -2.73774707 1.90124985
H  -2.88886865 -3.38670333 1.89171702
O   2.06634632 3.12536323 1.41779548
O  -0.03201552 2.69017033 2.17731812
Br   3.07571537 3.04852779 4.39876496
C   3.37550227 0.19202037 4.23049341
Br   3.97520753 -2.60584346 4.40096681
C   1.61830258 4.31564884 0.67153670
Br   4.60617814 0.38532475 5.65411406
C   2.24288086 4.19404253 -0.72706132
H   0.50739157 4.33686434 0.64568768
H   2.04379996 5.15314505 1.26269297
C   1.71785310 2.94870767 -1.47162539
C   3.78511705 4.14316180 -0.63072660
H   1.94468877 5.10959899 -1.29918498
C   0.24252544 3.06902613 -1.88223609
H   2.33226007 2.79187613 -2.38928623
H   1.83973880 2.04948630 -0.81385961
C   4.41442925 5.49837589 -0.30114674
H   4.06289270 3.40121683 0.15979794
H   4.19868914 3.78904378 -1.60515377
C  -0.18977279 1.85693856 -2.72596025
H   0.08924398 4.00283441 -2.46950628
H  -0.39150114 3.10977552 -0.96548505
C  -1.61974497 1.99972839 -3.25315898
H  -0.11361939 0.93604695 -2.09236247
H   0.50482367 1.74207836 -3.59166279
H  -2.34103984 2.08818983 -2.41164524
H  -1.88513389 1.10547751 -3.85926253
H  -1.70607709 2.90556240 -3.89282698
H   5.52409070 5.41003995 -0.34380642
H   4.12983195 5.82783528 0.72166782
H   4.09020384 6.26859442 -1.03485280
$end
$temperature
298.15
$end
$mult
1
$end
$sigma
1
$end
$pressure
1.00000
$end
$scale
1.093
$end
$msrrho
$end
$freq
11.21
18.14
22.74
24.96
28.17
29.16
38.18
39.82
42.54
44.38
51.91
60.37
65.34
68.19
79.59
81.88
87.09
89.07
103.52
105.73
111.42
113.35
127.87
129.34
130.19
135.78
142.43
153.39
163.79
170.42
180.82
193.60
194.85
215.69
219.35
234.16
238.10
245.03
250.32
275.35
284.03
294.51
296.62
308.40
309.65
341.71
346.63
375.31
427.37
456.85
460.95
485.40
489.50
493.44
553.65
569.92
571.93
573.33
636.01
643.35
676.34
702.59
737.45
761.13
776.15
776.61
786.29
826.35
827.58
843.79
846.00
888.78
889.95
912.00
917.63
934.81
946.26
949.39
956.07
958.01
958.54
984.90
993.00
1034.60
1035.74
1045.19
1045.28
1072.77
1089.36
1106.66
1106.89
1119.43
1121.68
1127.84
1132.36
1142.14
1142.92
1143.70
1144.16
1157.93
1158.46
1168.81
1171.22
1172.29
1173.68
1182.95
1184.21
1188.01
1189.47
1202.89
1203.72
1205.41
1206.11
1226.90
1254.70
1255.59
1256.11
1273.72
1273.99
1309.54
1309.77
1311.24
1311.75
1327.80
1329.82
1335.48
1336.84
1338.48
1355.14
1356.47
1356.50
1357.00
1357.20
1359.71
1361.29
1364.11
1364.45
1366.20
1368.92
1369.69
1370.75
1371.14
1376.60
1377.92
1378.89
1379.54
1387.14
1387.80
1401.62
1405.03
1405.15
1406.11
1419.72
1469.82
1600.89
1610.12
1808.68
1808.98
2623.74
2624.15
2629.60
2630.99
2631.74
2632.96
2635.56
2635.72
2657.68
2658.44
2669.04
2669.05
2673.06
2673.28
2675.94
2676.19
2676.65
2677.05
2684.41
2684.64
2746.62
2746.69
2762.52
2762.63
2764.71
2764.98
2768.77
2768.82
2777.79
2778.02
2854.73
2854.80
2855.59
2856.21
$end
