
$molecule
Br   2.80709738 1.07499822 3.11252445
C   1.34738469 0.72304241 1.99997507
C   0.10167186 0.42796439 2.56792176
C   1.49475056 0.75346724 0.60637426
Br  -0.09526000 0.38356661 4.42402498
C  -0.99598187 0.16739536 1.73805429
Br   3.18549266 1.16352151 -0.09580331
C   0.40119076 0.48599777 -0.23490567
Br  -2.65685481 -0.22067635 2.50180794
C  -0.84641200 0.19839912 0.34469783
C   0.56360221 0.50068933 -1.71918708
Br  -2.35485363 -0.14995247 -0.71505362
C   0.30408782 1.87001213 -2.30257826
H  -0.13673291 -0.24471723 -2.18660634
H   1.60242416 0.16770640 -1.99222511
H   0.43638563 1.83470236 -3.41121911
H  -0.73722389 2.20630254 -2.08045227
H   1.01575827 2.62200969 -1.88450203
$end
$temperature
298.15
$end
$mult
1
$end
$sigma
1
$end
$pressure
1.00000
$end
$scale
0.961
$end
$msrrho
$end
$freq
31.93
36.78
50.41
73.50
133.19
134.41
135.34
140.81
143.97
144.47
218.87
230.70
251.79
257.95
301.22
349.33
384.15
470.80
563.60
587.67
645.87
684.65
731.45
820.09
844.25
859.45
977.74
1080.66
1091.05
1182.63
1198.86
1227.50
1352.05
1365.43
1387.90
1390.41
1405.64
1430.02
1441.63
1500.48
1572.57
1708.19
1724.03
2995.05
3059.52
3064.61
3077.02
3156.93
$end
