
$molecule
 O    -0.000911   1.172310  -0.002006
 C    -1.194114   0.485112  -0.039496
 C     1.192194   0.485137   0.037540
 C    -1.366233  -0.662332  -0.807913
 C     1.363365  -0.662359   0.806095
 C    -2.257764   1.028680   0.670245
 C     2.256958   1.028783  -0.670517
 C    -2.615137  -1.268911  -0.851621
 C     2.612237  -1.268844   0.851630
 C    -3.503590   0.416674   0.611990
 C     3.502720   0.416899  -0.610494
 C    -3.687347  -0.735628  -0.144173
 C     3.685510  -0.735485   0.145830
 H    -0.532309  -1.071179  -1.361664
 H     0.528692  -1.071320   1.358639
 H    -2.094668   1.924272   1.254748
 H     2.094668   1.924429  -1.255177
 H    -2.750523  -2.160955  -1.450196
 H     2.746741  -2.160926   1.450348
 H    -4.331704   0.841254   1.165250
 H     4.331588   0.841630  -1.162509
 H    -4.657685  -1.212773  -0.184533
 H     4.655813  -1.212566   0.187583
$end
$temperature
298.15
$end
$mult
 1
$end
$sigma
 1
$end
$pressure
1.00000
$end
$scale
0.99
$end
$msrrho
$end
$freq
19.50
46.23
88.56
217.06
239.88
318.04
388.30
421.46
425.93
488.90
511.18
581.99
619.15
634.34
639.84
703.34
707.50
764.68
766.14
808.61
838.27
842.23
889.30
914.16
920.79
960.32
961.40
969.06
970.18
1023.48
1024.00
1047.23
1047.79
1099.69
1102.92
1181.18
1181.78
1188.25
1190.04
1226.63
1270.48
1317.36
1338.40
1354.87
1356.09
1488.04
1496.69
1523.87
1530.80
1628.50
1633.11
1637.13
1650.05
3169.44
3169.60
3177.42
3177.52
3191.06
3191.29
3198.45
3198.84
3201.49
3201.91
$end
