
$molecule
 C 1.48008453085733 -3.78850439027580 0.38571623026309
 C 1.37833812944814 -4.88822615642257 -0.68725427465782
 H 2.36912552788549 -5.25688753388719 -0.94967993960869
 H 0.79227074987189 -5.73291549580061 -0.32769871868790
 H 0.91645028549203 -4.51330720232636 -1.59899636320963
 C 2.12382117400712 -4.40542062205360 1.64128946789337
 H 3.10055963842245 -4.82947334478536 1.41243613844236
 H 2.24825333832492 -3.66523455833041 2.42978024609259
 H 1.49777860243021 -5.20433154193578 2.03654907548447
 C 2.29658748112569 -2.61983828077835 -0.17745057984898
 C 1.77454037819523 -1.89167389242652 -1.24579190917673
 C 3.46820728546841 -2.16044524501553 0.41968236216891
 C 2.35750408045809 -0.72465949107463 -1.66696702865452
 C 4.04522971834315 -0.98181234027049 0.01948523027759
 C 3.47809678891748 -0.20821887448440 -1.00211188702857
 H 0.86583094420145 -2.21682201558146 -1.72270688466257
 H 3.91489374936881 -2.69773240127521 1.23733612255238
 C 0.11148283833535 -3.20840785521728 0.76266906215479
 C -1.06801652228795 -3.59033061659646 0.12673055431616
 C 0.05523549917826 -2.15243083679049 1.67090980727008
 C -2.24019870812354 -2.90986574285142 0.34182172432716
 C -1.11331711927350 -1.47355090723846 1.89771660132271
 C -2.28208241074330 -1.80353226403825 1.20042881640419
 H -1.07526122293995 -4.41237853972873 -0.56708048257841
 H 0.95323132042089 -1.81495598303673 2.15856748508033
 O 4.00614429430187 1.06215363219882 -1.28729274193487
 C 3.09605808574541 2.14795606609629 -1.10384313424818
 H 2.18947941994513 1.95069369224590 -1.68478895383172
 H 3.57306933157142 3.03297522810168 -1.54207472232976
 C 2.73858875570172 2.39962496876381 0.35712993155640
 H 3.65810776431183 2.37745939648917 0.95856058902661
 O -3.42968200079692 -1.00322904732408 1.33780844892601
 C -3.84390386186096 -0.34285201980785 0.14153480954816
 H -4.85616818823456 0.03461037922698 0.33106721482704
 H -3.91837610524923 -1.07793556850514 -0.66562741004432
 C -2.91656118230923 0.79704525488594 -0.26365374344250
 H -2.66086821942217 1.37419423924171 0.63512392469201
 C -3.53679559260392 1.71976125348881 -1.29433580090935
 H -2.80369573089674 2.44911838967548 -1.64712921012389
 H -3.86906338805428 1.14919597070818 -2.16368743939741
 C 1.99438614246010 3.70565765998811 0.55670955378896
 H 1.77382133379583 3.86895179007119 1.61467831375853
 H 2.58280550660770 4.55616149602391 0.20267553998773
Br 0.32078607641014 3.73779117639661 -0.36021133737626
Br -5.03639883037762 2.70220554091910 -0.61762444083917
Br 1.65866152158341 0.96928881272041 1.01980987529066
Br -1.23649354051376 0.11624030660340 -0.90120036366644
Br 1.68302121469383 0.17542292892046 -3.16579976671173
Br 5.56809748213973 -0.30652613650760 0.87814364369099
Br -3.82151531524801 -3.46202959988887 -0.50187394710823
Br -1.19746905108916 -0.03985567850847 3.09963731093300
$end
$temperature
298.15
$end
$mult
 1
$end
$sigma
 1
$end
$pressure
1.00000
$end
$scale
1.03
$end
$msrrho
$end
$freq
9.38
11.50
14.24
18.20
20.21
22.50
34.16
37.88
41.05
45.94
46.46
51.86
58.38
75.23
79.72
85.32
88.22
90.61
96.55
107.08
124.56
128.77
145.97
154.18
161.03
168.36
169.95
177.68
205.04
213.73
223.44
223.96
231.02
255.40
261.40
270.37
280.21
288.50
299.01
305.73
323.49
343.82
357.60
374.38
405.65
427.54
436.15
459.56
475.47
479.87
492.71
494.15
520.95
537.08
545.66
559.06
574.34
583.42
594.95
634.84
647.93
657.27
677.17
686.65
701.51
706.33
711.92
715.05
724.51
769.31
784.15
796.24
828.49
854.32
859.26
868.92
894.47
898.27
900.89
928.13
928.45
933.99
934.52
936.53
1024.92
1032.63
1039.81
1047.67
1059.16
1067.87
1083.73
1092.94
1109.71
1139.31
1151.80
1164.27
1180.43
1190.02
1195.65
1197.78
1204.04
1205.14
1227.35
1265.14
1271.88
1355.82
1356.24
1357.14
1359.89
1364.59
1365.93
1366.59
1371.40
1375.40
1376.30
1390.54
1391.07
1398.95
1401.65
1413.59
1413.72
1498.54
1499.93
1597.16
1597.35
1620.99
1622.71
2940.23
2942.92
2961.89
2966.88
2970.56
2977.06
2980.76
2980.81
2980.99
2984.70
3012.31
3014.95
3043.20
3043.79
3045.78
3047.75
3178.46
3180.45
3184.45
3185.47
$end
