
$molecule
H   2.31443591 1.41917846 1.92693782
C   2.53400377 0.39563172 1.60250283
C   1.51905144 -0.28717745 0.74016170
C   3.65237126 -0.22790224 1.94987578
O   0.44793567 0.63942589 0.60110854
H   1.94908292 -0.55178920 -0.25405513
H   1.16474382 -1.23651635 1.20542126
C  -0.55766604 0.15201956 -0.17942536
C  -0.57958370 0.40281429 -1.54808124
C  -1.63534979 -0.52050307 0.38879756
Br   0.89082634 1.30435045 -2.40410593
C  -1.64934002 0.02120003 -2.34044945
Br  -1.65744784 -0.92507211 2.27116645
C  -2.72478427 -0.91894103 -0.36772224
H  -1.66219353 0.23063247 -3.41519557
C  -2.70035775 -0.63415029 -1.72220389
H  -3.57283226 -1.43943429 0.08945826
Br  -4.20459841 -1.17976886 -2.80244897
H   3.90500701 -1.24005323 1.64903283
H   4.41685899 0.22753915 2.57109392
$end
$temperature
298.15
$end
$mult
1
$end
$sigma
1
$end
$pressure
1.00000
$end
$scale
1.0
$end
$msrrho
$end
$freq
2.57
26.28
31.52
71.72
90.54
107.65
114.99
150.41
161.28
236.31
240.56
248.09
326.42
352.64
449.61
468.90
496.31
511.17
549.29
562.61
687.12
721.76
772.69
878.86
892.41
941.20
946.15
957.56
1005.21
1040.94
1102.43
1141.42
1178.67
1185.62
1201.45
1245.98
1264.37
1274.91
1290.26
1323.79
1379.45
1430.21
1484.92
1639.68
1719.32
1751.16
1785.37
2886.28
2918.58
3050.04
3056.64
3059.35
3102.98
3114.42
$end
