
$molecule
C   1.50815335 -3.79574555 0.47653434
C   1.50502567 -4.93895406 -0.53168670
H   2.55659933 -5.22350464 -0.77836980
H   0.98831189 -5.83193313 -0.10476843
H   0.98961045 -4.63484409 -1.47402822
C   2.12225460 -4.30247008 1.77633359
H   3.12948264 -4.74423404 1.58387482
H   2.22297560 -3.47328705 2.51691288
H   1.46768224 -5.09351653 2.21612186
C   2.27030295 -2.62382251 -0.10634388
C   1.66713787 -1.91148754 -1.15220560
C   3.48142879 -2.16706649 0.41063228
C   2.17667726 -0.68700368 -1.57981097
C   4.02380420 -0.95024451 -0.01725544
C   3.33331624 -0.16882080 -0.96522744
H   0.74852602 -2.31666650 -1.61192057
H   4.01088911 -2.75423066 1.17950779
C   0.11709080 -3.26724063 0.75823264
C  -1.04030992 -3.85763594 0.25516128
C   0.01156718 -2.06651707 1.47579132
C  -2.27451554 -3.20369796 0.35552325
C  -1.19677793 -1.37891034 1.55337512
C  -2.34060648 -1.92264576 0.93253724
H  -0.98900368 -4.84157859 -0.24007830
H   0.91824423 -1.64196152 1.94183204
O   3.87652120 1.05204647 -1.33081822
C   3.12159475 2.21050894 -0.95336734
H   2.11180367 2.19447975 -1.43956228
H   3.74316348 3.03668879 -1.40287646
C   3.01701215 2.38241746 0.55676847
H   3.84913607 1.80621872 1.04544933
O  -3.52973862 -1.21212714 0.99237640
C  -3.98752538 -0.68185310 -0.25723767
H  -5.08119760 -0.50417284 -0.04610115
H  -3.87847395 -1.43178800 -1.08171462
C  -3.30607674 0.63394970 -0.61007464
H  -3.02794758 1.17318562 0.33348007
C  -4.19524273 1.49129597 -1.47661674
H  -3.63031460 2.36269131 -1.88689277
H  -4.62126437 0.89855170 -2.32057650
C   3.15016913 3.82908311 0.96023683
H   3.17327293 3.92275201 2.07268558
H   4.09573065 4.25404786 0.54367579
Br   1.72620937 4.96966597 0.35286906
Br  -5.69640435 2.25718963 -0.53757478
Br   1.38824204 1.59803265 1.27994448
Br  -1.60317445 0.36618844 -1.53308470
Br   1.22849676 0.19648173 -2.93883079
Br   5.66295413 -0.42494151 0.73197791
Br  -3.78251989 -4.10637084 -0.30120793
Br  -1.19625833 0.26992400 2.45269113
$end
$temperature
298.15
$end
$mult
1
$end
$sigma
1
$end
$pressure
1.00000
$end
$scale
0.961
$end
$msrrho
$end
$freq
8.94
18.72
19.29
22.56
26.06
30.31
32.71
38.72
43.66
50.84
57.86
64.02
71.23
92.70
98.80
102.44
111.31
116.66
137.80
148.25
155.23
170.66
173.38
177.90
199.68
217.38
225.19
232.37
241.14
253.39
265.81
272.34
273.70
283.22
297.88
322.19
328.42
338.93
348.23
362.97
369.05
413.97
428.71
460.37
501.38
521.63
531.00
534.43
549.81
555.18
574.63
590.62
620.24
633.99
650.30
670.32
700.71
705.72
713.54
784.05
786.14
794.48
803.17
820.33
830.92
842.68
862.27
949.06
949.90
954.86
962.14
989.60
996.56
1008.95
1015.58
1021.06
1034.76
1041.96
1048.35
1049.52
1110.51
1145.91
1163.92
1176.86
1192.91
1202.33
1216.66
1222.85
1230.89
1246.46
1251.09
1258.25
1267.49
1276.17
1279.91
1283.41
1285.23
1290.78
1331.50
1336.93
1345.83
1359.22
1360.46
1364.94
1368.80
1379.44
1382.22
1384.61
1387.60
1394.91
1397.41
1404.72
1405.10
1420.22
1424.77
1425.76
1440.33
1527.53
1529.93
1537.03
1543.33
1645.50
1652.46
1728.97
1733.84
1758.25
1764.75
3003.13
3015.52
3025.73
3027.66
3027.73
3035.82
3061.66
3062.23
3064.04
3065.84
3083.44
3086.01
3089.87
3093.80
3154.18
3154.49
3154.82
3155.51
3164.72
3165.32
$end
