
$molecule
H   1.98533339 1.71253398 1.06252954
C   2.52366737 0.76595678 0.94393371
C   1.64502568 -0.44463274 1.00998324
C   3.84346061 0.69812101 0.78654852
O   0.25589692 0.00483326 1.12983783
H   1.76619879 -1.13550422 0.15152692
H   1.75822021 -0.96891799 1.99366541
C  -0.62054044 -0.18632052 0.10074364
C  -0.40885273 0.13632908 -1.25123621
C  -1.89022666 -0.67240849 0.50323231
Br   1.22424677 0.87947078 -1.85968094
C  -1.43311736 -0.04274123 -2.18847143
Br  -2.20619905 -1.11077857 2.32255383
C  -2.91643696 -0.83336473 -0.42283782
H  -1.26302979 0.20447564 -3.24245679
C  -2.67147746 -0.52631895 -1.76717174
H  -3.89827286 -1.20231332 -0.10626187
Br  -4.06219132 -0.77007001 -3.04270176
H   4.37933711 -0.24148226 0.67020628
H   4.46590313 1.59159821 0.76288432
$end
$temperature
298.15
$end
$mult
1
$end
$sigma
1
$end
$pressure
1.00000
$end
$scale
1.093
$end
$msrrho
$end
$freq
16.65
45.69
56.46
102.45
114.06
120.69
156.19
157.75
183.58
226.37
255.47
288.58
299.44
365.86
383.75
435.92
490.03
522.01
544.17
558.83
673.30
705.04
748.15
826.54
892.78
919.71
935.18
937.96
1009.41
1043.93
1058.80
1095.12
1127.41
1143.91
1180.23
1209.51
1262.14
1279.12
1284.67
1332.14
1358.41
1403.50
1431.18
1466.74
1604.65
1610.52
1793.63
2632.24
2701.72
2727.12
2730.33
2737.12
2748.11
2822.50
$end
