
$molecule
Br   2.28828330 -2.69210240 -1.45738524
C   0.97719061 -2.54447243 -0.10857036
C   0.66473749 -1.27808722 0.42661570
C   0.31275966 -3.67077146 0.38794818
O   1.26094283 -0.20466057 -0.22416843
C  -0.29101020 -1.13098283 1.44618203
Br   0.70665317 -5.38180305 -0.32243416
C  -0.63465688 -3.53836757 1.41709264
C   1.81764745 0.83896036 0.50531696
Br  -0.70675564 0.58403263 2.11240257
C  -0.93211962 -2.27298560 1.94424669
Br  -1.51075547 -5.07233185 2.09359865
C   1.53477947 2.12763950 0.00824760
C   2.71371412 0.64684328 1.57058967
Br  -2.21043351 -2.10055280 3.33164580
Br   0.30277404 2.33494771 -1.40570700
C   2.16837730 3.23065449 0.59003697
Br   3.09275761 -1.09583042 2.18490794
C   3.32391616 1.76549915 2.15326552
Br   1.81365476 4.97120264 -0.06732376
C   3.05555081 3.05281194 1.66500327
Br   4.52102041 1.53181001 3.60275196
Br   3.88971298 4.55505799 2.45601793
$end
$temperature
298.15
$end
$mult
1
$end
$sigma
1
$end
$pressure
1.00000
$end
$scale
1.093
$end
$msrrho
$end
$freq
12.83
13.33
15.09
32.67
35.43
35.62
38.65
45.19
52.18
83.11
109.91
110.65
113.84
114.07
120.08
120.96
131.36
147.70
154.01
164.05
208.99
209.30
225.37
231.25
255.71
256.89
259.15
316.88
317.18
320.18
348.51
424.39
442.17
544.91
556.27
589.80
589.94
595.73
603.21
603.71
628.93
694.56
715.47
720.35
758.99
808.48
809.64
898.84
945.65
1072.70
1108.88
1145.45
1146.69
1327.39
1336.63
1385.95
1407.90
1412.58
1427.32
1578.72
1581.96
1586.42
1590.86
$end
