
$molecule
Br -1.82020948723552 2.69168039175028 0.53799129520880
 C -0.76890005843924 1.13687271095409 0.22720956921279
 C 0.61761146962858 1.23489367841344 0.17004194906953
 C -1.38650675117084 -0.09802645058252 0.05717532433755
Br 1.46213560865655 2.92364821330768 0.40268365174661
 C 1.38654051816415 0.09804297290109 -0.05715655235643
Br -3.28259572212589 -0.23226231459177 0.13528446872960
 C -0.61757805019851 -1.23487660779446 -0.17002379936115
Br 3.28263049511142 0.23226041482810 -0.13527341630812
 C 0.76893403047548 -1.13685577858902 -0.22719053832591
Br -1.46212020285185 -2.92362207147948 -0.40266599526862
Br 1.82025914998568 -2.69165215911745 -0.53797595668465
$end
$temperature
298.15
$end
$mult
 1
$end
$sigma
 1
$end
$pressure
1.00000
$end
$scale
1.0
$end
$msrrho
$end
$freq
34.64
34.66
49.66
128.11
130.65
130.72
131.57
131.61
140.77
206.19
206.20
248.87
250.47
311.23
311.23
524.62
524.63
531.72
596.31
596.34
625.16
835.43
835.46
1049.94
1207.35
1275.43
1333.13
1333.13
1491.61
1491.65
$end
