
$molecule
C  -0.22977180 -0.73165023 0.69496619
C   1.06354813 -0.87972559 0.19601562
C  -0.74170082 0.54283303 0.93373438
C   1.84365515 0.24687023 -0.06255078
C   0.03724123 1.67236860 0.68297546
C   1.32661680 1.51510619 0.18552437
C  -2.13991598 0.74448248 1.39581274
O  -2.72603285 0.15407366 2.26056612
O  -2.67954290 1.74821766 0.66209706
C  -4.10397554 1.86741997 0.66354490
H  -4.48847580 1.74991335 1.69242061
H  -4.24191867 2.91002635 0.32552114
C  -4.69453142 0.83584261 -0.30836706
H  -4.15221800 -0.13296589 -0.17049137
C  -6.18403622 0.61761679 0.02011590
H  -6.68932210 1.58834174 0.17521849
H  -6.69500613 0.15473341 -0.84695879
C  -6.36211002 -0.27845441 1.24503381
H  -5.96361472 -1.28478553 1.06653917
H  -7.41910499 -0.38468556 1.51108888
H  -5.83892477 0.11751408 2.12426824
C  -4.53820045 1.28150332 -1.77322985
H  -5.12736430 0.61018839 -2.42834008
H  -4.97840559 2.28749313 -1.90658474
C  -3.07965020 1.29449144 -2.25103015
H  -2.44691605 1.85766030 -1.53834779
H  -3.01040781 1.85020336 -3.20556925
C  -2.51999989 -0.12136702 -2.44241929
H  -3.08628738 -0.64921465 -3.23216114
H  -2.66429548 -0.71686876 -1.52205908
C  -1.03504015 -0.07458722 -2.80405825
H  -0.86623924 0.47917675 -3.73402724
H  -0.44643430 0.41598041 -2.02141505
H  -0.62804032 -1.08246737 -2.94272547
Br  -1.31469088 -2.24058715 1.02695396
Br   1.74977129 -2.60666759 -0.14485521
Br   3.58957460 0.06305557 -0.75886306
Br   2.32388431 3.08302539 -0.15363507
H  -0.38336923 2.66878709 0.86868185
$end
$temperature
298.15
$end
$mult
1
$end
$sigma
1
$end
$pressure
1.00000
$end
$scale
1.093
$end
$msrrho
$end
$freq
13.03
14.67
20.02
33.70
36.75
44.84
57.04
62.64
75.45
78.60
99.30
119.32
132.55
138.31
142.24
145.15
168.71
194.41
216.09
223.77
224.84
239.67
264.75
267.12
288.78
303.76
328.89
366.33
377.98
444.63
465.14
475.63
479.91
529.46
554.50
578.68
634.20
696.84
720.26
766.76
784.56
795.85
845.72
869.40
889.65
914.17
959.76
962.38
970.41
985.49
1024.21
1043.85
1080.74
1101.94
1109.77
1121.67
1137.38
1154.12
1155.68
1162.71
1174.42
1190.60
1204.95
1216.23
1232.52
1246.88
1255.35
1265.84
1284.36
1288.48
1295.25
1300.72
1301.50
1302.59
1318.93
1320.09
1324.34
1328.30
1329.73
1331.28
1338.89
1343.35
1356.28
1368.00
1370.42
1391.00
1404.85
1409.02
1459.00
1518.61
1664.94
1680.58
1874.12
2646.44
2652.44
2656.29
2662.93
2670.66
2677.59
2679.43
2681.13
2689.60
2692.69
2715.00
2722.23
2737.11
2741.72
2746.16
2753.90
2781.68
2783.26
$end
