
$molecule
 C 1.53080087494807 -3.95019929816413 0.43575767485499
 C 1.54844197189733 -5.07748011061651 -0.60756707894949
 H 2.57743306638313 -5.40373742535991 -0.76192449666712
 H 0.96528990190822 -5.92862148474637 -0.25584337692863
 H 1.14872084230910 -4.75327985023930 -1.56687688826114
 C 2.12111156340017 -4.52087127176620 1.73424846198374
 H 3.14306864507059 -4.86204242650549 1.56840776450436
 H 2.12312006793594 -3.78733571102981 2.53862091980597
 H 1.52004971381901 -5.37243242070898 2.05460441337062
 C 2.28257907140699 -2.72690446673184 -0.09010750089795
 C 1.83915646535552 -2.15212370865773 -1.28205446780443
 C 3.27242453298921 -2.06861170802845 0.63318224007265
 C 2.32071789171271 -0.92861684165871 -1.70984525045102
 C 3.73108132801466 -0.82759093739353 0.21889281287286
 C 3.22556657054508 -0.21355457531408 -0.92609863890138
 H 1.07873397451562 -2.64300588648174 -1.87610517209029
 H 3.67556803545487 -2.48898708132921 1.54448626081360
 C 0.13585531091916 -3.38021319689158 0.69663851328048
 C -0.98662538779480 -3.72773656158075 -0.04707507011698
 C 0.02067366418398 -2.34821462506100 1.63007086929322
 C -2.17085860127026 -3.01540507423294 0.08710083074271
 C -1.15950406024004 -1.64460748978894 1.76428007624024
 C -2.26002381257230 -1.92937962676020 0.95470676542505
 H -0.95688297846299 -4.54367320469177 -0.75647391961732
 H 0.87322967784623 -2.05175591553515 2.22783589155856
 O 3.65847272657583 1.03974957217118 -1.26132053207237
 C 2.73243571700051 2.11828979950323 -1.20770479640084
 H 1.79854106808590 1.86820852776435 -1.72320172351294
 H 3.21989276729553 2.94210368693869 -1.74263001930657
 C 2.44133881552605 2.56444844605679 0.22553705180044
 H 3.36473005092659 2.51128015632512 0.80733507776063
 O -3.38918924453538 -1.16816573294987 1.07480212453321
 C -3.72351050029162 -0.24373586642964 0.04413486486054
 H -4.60788025956523 0.28370657646506 0.42027122210899
 H -3.99138438160573 -0.76898875354336 -0.88209632045862
 C -2.61395121794546 0.77440884219655 -0.21778959564777
 H -2.06153261193310 0.95972457197728 0.70390190513659
 C -3.13508246882130 2.07691108736403 -0.77551875931018
 H -2.30673342508052 2.73699306002909 -1.02241543648140
 H -3.74255212270576 1.91524339021570 -1.66390999172748
 C 1.91445159271907 3.97894593986646 0.27145824097508
 H 1.66866515077714 4.26104773766029 1.29225879894379
 H 2.65672090926933 4.67236199972618 -0.12283930354643
Br 0.28524724011802 4.20537534626121 -0.79926860856034
Br -4.23998136205040 3.00781499957435 0.55276252464762
Br 1.16255431812329 1.36300940152117 1.11907236576032
Br -1.30958087175580 0.07731516792615 -1.52388977776905
Br 1.71424942404475 -0.23723867023846 -3.38409278951292
Br 5.02934208140380 0.10252555796606 1.26028006653485
Br -3.68344086926847 -3.52581608598657 -0.95892936635986
Br -1.27686885658604 -0.22601385908638 3.03404814346952
$end
$temperature
298.15
$end
$mult
 1
$end
$sigma
 1
$end
$pressure
1.00000
$end
$scale
1.0
$end
$msrrho
$end
$freq
8.71
16.09
17.18
18.81
22.66
27.55
31.21
34.15
40.92
48.91
53.87
57.24
64.06
88.11
92.83
98.76
109.03
114.39
119.88
130.60
150.60
162.67
176.67
180.12
183.70
194.69
197.61
203.59
216.00
226.52
244.75
251.34
261.46
264.23
274.27
290.03
302.50
307.37
325.60
337.06
346.45
375.81
393.87
419.73
461.49
464.10
470.69
472.45
503.44
520.97
536.01
547.41
566.10
590.83
610.15
628.85
649.40
674.18
683.10
705.97
708.84
728.03
756.96
769.69
771.26
823.33
827.87
830.84
844.00
853.81
858.48
861.33
894.58
952.71
965.71
969.32
980.06
999.98
1005.63
1009.62
1045.79
1049.36
1077.51
1092.94
1098.53
1117.04
1124.92
1136.31
1144.01
1148.21
1178.63
1179.93
1187.14
1202.66
1203.48
1213.83
1223.29
1228.74
1231.85
1260.46
1263.71
1272.79
1275.81
1287.74
1293.27
1296.93
1305.44
1351.43
1356.74
1381.23
1383.09
1392.69
1393.75
1425.63
1433.46
1433.88
1436.66
1452.70
1456.64
1474.98
1475.84
1480.58
1485.20
1531.09
1531.72
1573.19
1576.22
2982.96
2999.10
3020.53
3021.02
3027.33
3038.21
3039.04
3043.04
3050.51
3055.26
3078.44
3079.38
3082.23
3083.75
3089.35
3091.54
3125.63
3126.03
3136.62
3137.62
$end
