
$molecule
 H 2.71150762509484 1.46391657548209 1.26234608541082
 C 2.66599268171390 0.39620491260473 1.45120976776437
 C 1.58938441030542 -0.32553743150666 0.69452325868137
 C 3.51099181633761 -0.20019100772621 2.27444406072115
 O 0.49575714961816 0.57930478637944 0.51919333053334
 H 1.97138503707836 -0.63433382013770 -0.29253955960914
 H 1.25354457528086 -1.22577815582015 1.23038460464479
 C -0.55969840552500 0.14530465710008 -0.23318567154497
 C -0.59458447540538 0.38144197054893 -1.60690678438001
 C -1.64101659228461 -0.49830641016266 0.36745342056632
Br 0.88174032601938 1.26314226085572 -2.42762680805554
 C -1.68496110099490 -0.01056049431727 -2.36658704716653
Br -1.59550557711563 -0.81922874392834 2.24486732972371
 C -2.73618115935421 -0.89471464065125 -0.38297657273046
 H -1.70318341609508 0.17992143810907 -3.43087289362921
 C -2.75036021827396 -0.64799797882479 -1.74794888326869
 H -3.57066264728155 -1.39115721063235 0.09294195878427
Br -4.25329790330432 -1.19266123634830 -2.78725789344319
 H 3.47237176415512 -1.26355688440699 2.47573380913767
 H 4.29042411003104 0.34727941338260 2.78624348785986
$end
$temperature
298.15
$end
$mult
 1
$end
$sigma
 1
$end
$pressure
1.00000
$end
$scale
1.0
$end
$msrrho
$end
$freq
17.90
30.10
44.56
69.45
90.46
106.68
108.21
141.02
173.42
207.81
221.74
249.50
308.08
348.69
405.56
420.51
471.76
523.64
536.09
569.23
661.27
728.37
768.61
819.74
855.24
858.20
880.04
916.43
972.81
1001.47
1057.77
1089.15
1133.71
1134.92
1172.63
1231.94
1255.54
1264.93
1288.39
1330.48
1377.23
1400.60
1427.64
1455.03
1533.57
1554.56
1720.25
2930.95
2959.60
3103.11
3108.50
3137.27
3138.79
3155.06
$end
