
$molecule
 C -0.08028037805690 -0.78649202227053 0.56808140716249
 C 1.26930128525155 -0.85572016534108 0.21938195366857
 C -0.69475588457031 0.45760987417884 0.71486281220659
 C 2.00748157366510 0.31070797306688 0.03030546349471
 C 0.04241580356497 1.61732798452117 0.51376955588359
 C 1.38250146763281 1.54796035591943 0.17914583041859
 C -2.14617085969079 0.56299626507711 1.06985054199250
 O -2.73658264435905 -0.24117920145252 1.74110187202068
 O -2.67502767511681 1.66003581800375 0.54205126669695
 C -4.08961207458704 1.82420685545177 0.66755874462240
 H -4.36514436819713 1.64117812568901 1.70976264722702
 H -4.27332370677952 2.86930805800517 0.41068100785020
 C -4.88323598600505 0.88787405028819 -0.25098322002611
 H -4.52516971414266 -0.13245959961306 -0.08825488463247
 C -6.36955495935078 0.93301525311254 0.13304089950516
 H -6.69608321276544 1.97406813058524 0.19143344103098
 H -6.94047707310388 0.45442992978993 -0.66485620672745
 C -6.68334277283159 0.21751805285603 1.44235342557553
 H -6.31830806867829 -0.80610616107584 1.41186772224278
 H -7.75826054455093 0.19444914580602 1.60493091780560
 H -6.22707923924274 0.71512168437884 2.29380592288719
 C -4.71945108681128 1.25341153555607 -1.73308955503621
 H -5.35682299717522 0.58384019568049 -2.31575900883625
 H -5.09095806646964 2.27110310834490 -1.88046706790094
 C -3.29725290186546 1.16814017898223 -2.29323900352033
 H -2.64085190804760 1.84749966161138 -1.74746083263581
 H -3.32394759342901 1.50885962415025 -3.33161534472837
 C -2.70872763383203 -0.24094196544246 -2.26330299434159
 H -3.35031654201314 -0.91498469989989 -2.83466260863991
 H -2.67910503568330 -0.61429043106233 -1.23775877425167
 C -1.29961622292807 -0.27227404446754 -2.84318693228094
 H -1.30870616717497 0.03455484795348 -3.88657690027828
 H -0.64487835942615 0.40684450525341 -2.29716317557532
 H -0.88314194068725 -1.27573904100804 -2.78570032366704
Br -1.04552802475489 -2.38455798846364 0.76948389162084
Br 2.10430801878112 -2.52551112530528 -0.00719897673198
Br 3.82695968691268 0.21576118364235 -0.43245662320818
Br 2.35950229224372 3.14220134657463 -0.08372076747696
 H -0.43722648572516 2.57699770092337 0.62162887658354
$end
$temperature
298.15
$end
$mult
 1
$end
$sigma
 1
$end
$pressure
1.00000
$end
$scale
1.0
$end
$msrrho
$end
$freq
15.84
20.62
22.02
42.56
43.11
47.40
64.04
79.15
82.39
109.87
113.30
120.78
127.51
130.48
142.76
185.36
203.40
209.96
213.45
223.83
230.76
248.43
258.79
262.07
285.83
294.77
309.58
346.69
377.61
423.58
454.11
464.41
483.80
506.91
526.50
553.75
581.10
634.61
703.02
729.12
735.75
768.82
805.22
835.79
842.68
864.94
878.89
922.47
931.04
957.49
973.47
1009.34
1031.30
1039.70
1074.24
1086.58
1092.41
1120.16
1143.34
1149.65
1151.35
1155.62
1165.64
1205.81
1213.22
1238.73
1246.17
1270.76
1272.39
1290.00
1298.14
1311.42
1317.37
1321.18
1342.36
1359.33
1365.82
1368.80
1376.61
1416.92
1422.57
1428.26
1484.15
1493.08
1499.04
1500.04
1501.25
1503.03
1507.18
1507.95
1512.78
1520.00
1758.13
2956.68
2959.00
2961.51
2963.99
2971.03
2972.63
2977.65
2984.89
2987.94
2990.68
2999.75
3009.09
3030.66
3037.99
3038.31
3042.76
3048.80
3115.61
$end
