
$molecule
O   0.76082809 0.05280503 -0.16165266
C   0.59570019 -0.24502289 0.99619598
C   1.57659477 -0.09776166 2.12865008
O  -0.54778301 -0.76750278 1.50620050
C   1.81928449 1.16649662 2.68282891
C   2.24372828 -1.22199484 2.63252118
C  -1.70168217 -0.93243108 0.60225656
C   1.12219577 2.37762787 2.12295890
C   2.71281424 1.30086783 3.75353883
Br   1.92199450 -2.91764374 1.84903551
C   3.14482782 -1.08795704 3.69857128
C  -2.92359621 -0.46180250 1.40644646
H  -1.53388031 -0.33070552 -0.31685439
H  -1.71390825 -2.02276368 0.39637899
C  -2.81057319 1.03279389 1.77320815
C  -3.09355961 -1.31109615 2.68693534
H  -3.82104160 -0.60756691 0.75233729
C  -2.97479164 1.96217905 0.56159501
H  -3.59650281 1.28293003 2.52389524
H  -1.80976378 1.21848118 2.24343284
C  -3.61358255 -2.72330480 2.41043647
H  -3.81143202 -0.79748272 3.37027062
H  -2.10146023 -1.37325205 3.20103807
C  -2.91258781 3.43811373 0.99139627
H  -3.95074341 1.76237223 0.06309787
H  -2.15221796 1.76799213 -0.16540861
C  -3.16087402 4.38980602 -0.18157160
H  -3.67913778 3.62647540 1.78011713
H  -1.90276969 3.64002146 1.43251945
H  -4.17655091 4.22339480 -0.60363863
H  -3.08611584 5.44273178 0.16938922
H  -2.41083217 4.22589381 -0.98577614
H  -3.80953377 -3.24025979 3.37756349
H  -4.56091380 -2.68424325 1.82934785
H  -2.86344278 -3.31655681 1.84374508
O   2.02007877 3.05813734 1.36710517
O  -0.02858419 2.70303787 2.28558772
Br   3.00443518 3.01578312 4.50629819
C   3.37467676 0.17530313 4.26486955
Br   4.04481767 -2.60916630 4.37315214
C   1.55285679 4.25141058 0.63662935
Br   4.57763323 0.36229048 5.71299180
C   2.18695287 4.15246627 -0.75955503
H   0.44198957 4.24864503 0.60564318
H   1.95619100 5.09402766 1.23554907
C   1.68986301 2.90093629 -1.51295103
C   3.72937129 4.13248999 -0.65741878
H   1.87235330 5.06560759 -1.32674691
C   0.21903810 3.00350413 -1.94298814
H   2.31799636 2.75167226 -2.42235061
H   1.81578721 2.00345713 -0.85280749
C   4.32899141 5.49535909 -0.30495390
H   4.01973264 3.38449433 0.12272496
H   4.15356537 3.80191377 -1.63560851
C  -0.20392066 1.76160152 -2.74661722
H   0.07117995 3.91548843 -2.56531414
H  -0.42527336 3.07736443 -1.03613078
C  -1.63785215 1.87570370 -3.27006205
H  -0.11481943 0.86094263 -2.08634092
H   0.48825564 1.62705321 -3.61148031
H  -2.35328473 2.00961533 -2.42962389
H  -1.90712858 0.95077942 -3.82634876
H  -1.72872359 2.74652575 -3.95625225
H   5.44031809 5.43190040 -0.34858891
H   4.03731894 5.80130842 0.72320039
H   3.98814448 6.27057890 -1.02572203
$end
$temperature
298.15
$end
$mult
1
$end
$sigma
1
$end
$pressure
1.00000
$end
$scale
1.093
$end
$msrrho
$end
$freq
4.55
17.22
19.47
21.51
24.95
27.89
34.66
39.62
40.83
42.15
47.59
59.06
60.41
65.72
78.42
84.21
86.07
89.11
101.69
102.97
111.46
111.84
123.80
127.92
130.85
132.85
143.70
152.98
161.72
170.46
174.37
191.22
191.58
215.18
219.32
233.02
236.47
242.44
246.82
275.68
283.88
295.30
296.79
307.10
308.32
341.00
344.43
373.87
436.06
456.61
460.23
478.77
489.45
491.31
556.32
568.36
569.15
572.94
636.11
647.15
677.68
703.47
740.20
761.45
774.99
775.52
784.68
826.43
827.49
843.87
845.57
890.02
891.99
912.43
919.08
934.93
945.32
948.20
955.33
958.54
959.07
984.89
993.55
1034.97
1036.02
1045.80
1045.83
1072.92
1087.53
1105.03
1105.56
1119.99
1122.35
1128.00
1133.19
1139.99
1141.19
1143.11
1143.43
1157.85
1158.32
1168.78
1171.07
1172.59
1173.80
1182.79
1184.74
1187.81
1188.82
1202.37
1202.57
1204.81
1206.32
1223.46
1253.25
1254.78
1255.60
1274.59
1274.93
1309.17
1309.38
1310.81
1311.56
1327.93
1329.83
1335.23
1336.72
1338.53
1355.39
1356.52
1356.64
1357.10
1357.33
1359.75
1361.03
1363.62
1364.46
1364.84
1368.86
1369.62
1370.97
1371.37
1376.43
1377.65
1378.56
1379.33
1386.66
1387.73
1402.18
1405.07
1405.19
1405.96
1419.92
1469.26
1598.84
1610.12
1807.36
1810.09
2623.36
2623.88
2629.24
2630.67
2631.37
2632.55
2635.67
2635.82
2657.82
2658.46
2668.96
2669.06
2673.13
2673.43
2675.93
2676.11
2676.47
2676.67
2684.29
2684.53
2746.97
2747.01
2762.53
2762.61
2765.19
2765.45
2768.92
2768.98
2778.44
2778.80
2854.73
2854.76
2855.58
2855.93
$end
