
$molecule
Br 3.67960664294914 -0.05225072357408 -1.32626835744495
 C 1.90723100492546 -0.02245131083133 -0.69024866847059
 C 1.03044674136201 0.97711123308441 -1.10119502471512
 C 1.46571073740396 -1.00197639797440 0.19537325408626
Br 1.62984883265007 2.30097240465960 -2.29902768104777
 C -0.28134835521880 0.99345322685024 -0.62629292112070
Br 2.64461047543618 -2.35846638815786 0.75723598190058
 C 0.15358753053659 -0.96814346604668 0.65751671893709
Br -1.41816236447927 2.38325157419319 -1.22810212415553
 C -0.74760814880172 0.02356636508044 0.26130512872399
Br -0.41615783038980 -2.31235972086753 1.85960533061272
 C -2.14129695076756 0.00576625218225 0.79169951517931
 H -2.12596543675029 0.06783176505934 1.87989933918504
 H -2.62871729248908 -0.93217032410595 0.52534212923463
 H -2.73228658636689 0.82866451044837 0.40355837909504
$end
$temperature
298.15
$end
$mult
 1
$end
$sigma
 1
$end
$pressure
1.00000
$end
$scale
1.0
$end
$msrrho
$end
$freq
37.18
44.64
67.08
121.94
125.37
127.27
134.68
137.99
142.31
192.11
205.20
224.24
306.94
317.12
329.83
369.16
520.95
526.30
526.41
551.20
616.61
644.38
748.69
879.69
1022.08
1024.92
1026.77
1204.59
1286.90
1305.64
1362.72
1404.76
1450.47
1455.35
1482.81
1509.52
3002.58
3017.57
3073.91
$end
