
$molecule
Br 3.69498315480946 -0.05153968892663 -1.33251664181735
 C 1.90388455031760 -0.02251935486514 -0.68896237027656
 C 1.03011090053766 0.97701176710914 -1.10099970541685
 C 1.46707722229416 -1.00272747789051 0.19542192411435
Br 1.63190735996654 2.31688633765809 -2.31151255030812
 C -0.27956888037056 0.99591094630240 -0.62875086174070
Br 2.65679104286663 -2.37427258590333 0.76434047752842
 C 0.15839482422471 -0.97430234989505 0.66028016356304
Br -1.45337463939564 2.38454484262150 -1.21595571610233
 C -0.73363798704188 0.02087139742008 0.25812125732141
Br -0.44273731732253 -2.31892869681386 1.87430473213621
 C -2.13804356937356 0.00558863926642 0.79062798843606
 H -2.12489070064686 0.07313242591456 1.87944426516680
 H -2.62929446419270 -0.93029089549081 0.52036486856307
 H -2.72210249667303 0.83343369349314 0.39619316883256
$end
$temperature
298.15
$end
$mult
 1
$end
$sigma
 1
$end
$pressure
1.00000
$end
$scale
1.0
$end
$msrrho
$end
$freq
34.39
40.94
62.83
111.22
131.37
132.35
139.39
140.33
142.01
206.77
222.09
248.66
311.23
313.75
323.81
391.60
526.00
527.60
540.10
589.47
629.78
693.90
832.07
928.86
1012.89
1022.29
1082.32
1239.80
1278.72
1342.47
1373.17
1387.00
1450.68
1454.33
1500.19
1521.70
3034.86
3066.18
3111.27
$end
