
$molecule
 C     0.103706  -3.090644  -1.267481
 C     0.004994  -2.193601  -0.019931
 C     1.239477  -1.300626   0.153523
 C    -1.233424  -1.303604  -0.180120
 C    -0.089727  -3.109552   1.214114
 C     2.403273  -1.465820  -0.589510
 C     1.216771  -0.292974   1.118866
 C    -1.215395  -0.282036  -1.130828
 C    -2.396228  -1.484509   0.560799
 C     3.510897  -0.654751  -0.377972
 C     3.503907   0.354689   0.584397
Br     5.074775  -0.919840  -1.428815
 C     2.323808   0.506663   1.322383
 O     4.595949   1.123398   0.757886
Br     2.265323   1.888895   2.647473
 C    -2.325939   0.515663  -1.322476
 C    -3.505115   0.347970  -0.586417
Br    -2.273877   1.917078  -2.627534
 C    -3.507413  -0.675253   0.361303
 O    -4.600522   1.114377  -0.748507
Br    -5.069764  -0.962189   1.408670
 H     0.239411  -2.505735  -2.177532
 H     0.930233  -3.798144  -1.182533
 H    -0.817964  -3.663394  -1.372627
 H    -0.227749  -2.538851   2.132797
 H    -0.913280  -3.819182   1.118682
 H     0.834371  -3.679906   1.310623
 H     2.471262  -2.227240  -1.350699
 H     0.324941  -0.119984   1.704549
 H    -0.324526  -0.096749  -1.714208
 H    -2.460666  -2.257113   1.310950
 H     4.418668   1.770346   1.457923
 H    -4.426264   1.772116  -1.439182
$end
$temperature
298.15
$end
$mult
 1
$end
$sigma
 1
$end
$pressure
1.00000
$end
$scale
0.99
$end
$msrrho
$end
$freq
10.93
11.90
24.02
84.98
85.51
97.69
102.83
118.32
123.42
134.42
181.75
195.92
201.59
241.39
249.63
253.00
268.82
272.59
286.21
296.93
315.01
328.60
329.98
369.49
385.49
407.70
429.87
430.28
474.03
500.14
502.11
505.79
552.04
575.25
595.54
647.05
665.09
715.78
735.19
737.78
744.73
747.00
796.83
872.82
899.22
903.92
904.85
913.92
914.61
952.48
957.68
1032.71
1083.18
1084.68
1134.42
1155.31
1156.75
1189.28
1196.75
1247.36
1252.54
1280.83
1282.74
1306.66
1306.94
1367.11
1369.16
1401.70
1422.74
1429.89
1430.94
1488.00
1492.86
1503.09
1505.51
1511.01
1512.93
1593.64
1596.99
1628.56
1630.46
3035.91
3040.67
3100.97
3104.95
3111.01
3111.54
3197.00
3197.02
3221.41
3221.52
3696.24
3696.41
$end
