
$molecule
C  -0.74604629 -3.27095940 0.18772644
H  -1.35941416 -2.89806662 -0.66129460
H  -1.08932012 -4.26439697 0.56026831
C   0.73774848 -3.27391854 -0.17504970
H   1.35213157 -2.89888588 0.67230292
H   1.07817152 -4.27006712 -0.54292086
O   0.93366052 -2.48015644 -1.38610884
O  -0.93962912 -2.47102931 1.39510436
C   1.20403537 -1.14007020 -1.21383886
C   0.28019093 -0.20373261 -1.72317174
C   2.40669668 -0.67837170 -0.64226723
C   0.50962689 1.16623054 -1.58017423
C   2.63334539 0.69012185 -0.47954820
C   1.66707877 1.59578999 -0.92542337
H  -0.21753086 1.89435648 -1.95932718
H   3.55433162 1.04659451 -0.00528874
C  -1.20611077 -1.13096855 1.21662170
C  -0.27951364 -0.19498062 1.72160202
C  -2.40741790 -0.66841539 0.64290500
C  -0.50495897 1.17497961 1.57225794
C  -2.63001964 0.69996366 0.47373529
C  -1.66112918 1.60486501 0.91545762
H   0.22434947 1.90273058 1.94801472
H  -3.54999865 1.05692165 -0.00215097
Br   1.29703129 -0.75064182 2.62364819
Br  -3.78507299 -1.87343929 0.13289646
Br  -1.91108300 3.46451120 0.60125574
Br   3.78078162 -1.88506432 -0.12669140
Br  -1.29803760 -0.75892291 -2.62253808
Br   1.92251110 3.45612609 -0.61991695
$end
$temperature
298.15
$end
$mult
1
$end
$sigma
1
$end
$pressure
1.00000
$end
$scale
1.093
$end
$msrrho
$end
$freq
15.96
22.68
34.07
37.79
48.37
53.86
84.46
109.57
114.71
115.22
118.12
129.65
130.32
164.78
169.05
184.45
208.54
243.43
250.52
261.32
262.13
290.18
301.01
355.51
365.92
366.56
386.72
424.75
425.02
489.45
489.79
514.17
514.90
537.97
541.58
655.59
664.62
714.44
721.48
743.94
744.32
801.31
829.41
886.04
918.60
921.08
933.40
933.86
956.64
1019.37
1067.46
1076.79
1090.03
1119.65
1123.66
1127.64
1144.22
1167.80
1208.11
1209.55
1278.14
1279.41
1279.81
1290.89
1317.41
1320.95
1344.42
1348.47
1431.54
1431.97
1461.00
1468.71
1602.68
1602.96
1605.58
1607.30
2630.74
2631.66
2721.83
2723.02
2728.54
2729.35
2744.26
2745.58
$end
