
$molecule
C   0.06343923 -3.06493468 -1.27962496
C   0.00495012 -2.18216742 -0.01961240
C   1.24125585 -1.29420899 0.13995502
C  -1.23524374 -1.29739849 -0.16623263
C  -0.04962631 -3.08352570 1.22734647
C   2.43379096 -1.54963028 -0.55060344
C   1.18668092 -0.21698419 1.04029695
C  -1.18544709 -0.20698138 -1.05083692
C  -2.42659720 -1.56802845 0.52055905
C   3.55111870 -0.73571802 -0.36395612
C   3.49349082 0.35249614 0.53059830
Br   5.14908222 -1.10091785 -1.31991553
C   2.29704048 0.60158673 1.23340840
O   4.62486352 1.09615553 0.65021547
Br   2.19297495 2.05738337 2.44772164
C  -2.29938671 0.60945707 -1.23203472
C  -3.49467030 0.34497745 -0.53287961
Br  -2.20174678 2.08315836 -2.42509368
C  -3.54746291 -0.75635400 0.34578415
O  -4.62933191 1.08529688 -0.64159996
Br  -5.14372780 -1.14231527 1.29640915
H   0.21866602 -2.47054511 -2.18747332
H   0.86378185 -3.81059792 -1.22035052
H  -0.87707041 -3.61490252 -1.41313929
H  -0.20736976 -2.50315942 2.14379557
H  -0.84673487 -3.83170490 1.15715491
H   0.89326841 -3.63130872 1.35280360
H   2.50204534 -2.39399573 -1.24318056
H   0.26067785 -0.01692149 1.59018896
H  -0.26035385 0.00507228 -1.59776189
H  -2.49114105 -2.42266499 1.20078478
H   4.53036681 1.85505918 1.29413325
H  -4.53833970 1.85387345 -1.27442214
$end
$temperature
298.15
$end
$mult
1
$end
$sigma
1
$end
$pressure
1.00000
$end
$scale
1.093
$end
$msrrho
$end
$freq
9.17
10.75
24.46
67.08
67.59
83.16
102.53
112.42
119.36
132.80
160.46
161.52
186.67
205.73
221.81
245.56
256.17
265.43
269.04
274.73
287.16
310.36
316.65
340.77
341.26
359.68
366.83
396.55
445.49
487.61
489.15
493.59
514.66
538.89
586.10
636.63
638.57
688.90
689.53
738.61
740.74
752.04
795.01
914.07
925.67
927.11
938.06
941.63
943.76
966.27
982.92
992.10
1091.61
1094.70
1117.22
1124.77
1172.99
1203.80
1220.59
1240.18
1241.88
1251.01
1256.63
1262.10
1262.47
1272.64
1293.84
1309.54
1312.74
1337.96
1346.91
1401.94
1404.65
1456.92
1457.62
1503.68
1507.83
1613.00
1616.36
1626.43
1629.40
2495.25
2496.67
2688.75
2691.14
2694.46
2695.84
2725.64
2726.78
2729.01
2730.14
2785.63
2787.79
$end
