
$molecule
 C -0.71834789274244 -3.30285531939324 0.29122784820734
 H -1.42070897323574 -3.07148894177776 -0.51260239519550
 H -0.94748184928834 -4.29014684461224 0.69544400842841
 C 0.70984381554096 -3.30625942362184 -0.27846914597541
 H 1.41287546689797 -3.07323833863994 0.52429481354246
 H 0.93609157297284 -4.29607317887466 -0.67811641609877
 O 0.84287303999039 -2.42966656631944 -1.39303259648836
 O -0.84880061586240 -2.42074013873219 1.40173267050115
 C 1.17023671964811 -1.12892060266229 -1.19408320664360
 C 0.29520005118734 -0.15218433195937 -1.68622233460598
 C 2.36885408418683 -0.67870136895796 -0.63305738481072
 C 0.53937667042642 1.20099250849175 -1.55489588280324
 C 2.62180939352342 0.67319148031816 -0.46315435847936
 C 1.69531728804147 1.60224527838810 -0.90413184118395
 H -0.15909853710526 1.92495952008269 -1.94436141679574
 H 3.54266138929488 0.99164108819454 -0.00063354320810
 C -1.17231997460108 -1.11996495446840 1.19677141928762
 C -0.29440250560118 -0.14354929713436 1.68439493625582
 C -2.36960710186867 -0.66881084448737 0.63366271561504
 C -0.53458943269793 1.20972051258149 1.54681667559155
 C -2.61857797135928 0.68302336467458 0.45751462096645
 C -1.68934791902137 1.61136909939200 0.89420083684107
 H 0.16602643304097 1.93341801288038 1.93292270160064
 H -3.53849697529566 1.00204648756254 -0.00646573741275
Br 1.26095139340494 -0.73851157603269 2.58214853187971
Br -3.73974105396597 -1.89612686814250 0.16081851110083
Br -2.00464748036452 3.45946028473631 0.60785510399098
Br 3.73539567320830 -1.90782895713496 -0.15455690355348
Br -1.26189996710985 -0.74670392864391 -2.58123792583375
Br 2.01606325875506 3.45070184429270 -0.62632530472037
$end
$temperature
298.15
$end
$mult
 1
$end
$sigma
 1
$end
$pressure
1.00000
$end
$scale
1.0
$end
$msrrho
$end
$freq
13.10
17.85
26.57
41.25
49.00
57.57
73.06
107.50
108.13
110.67
111.51
122.31
125.78
156.74
177.01
183.82
189.89
217.22
222.54
226.56
234.25
272.78
286.55
327.42
335.13
343.28
371.98
403.45
444.58
474.62
474.78
522.34
523.44
535.68
540.20
622.69
631.02
662.17
665.09
701.84
704.71
774.52
805.78
841.19
843.45
874.86
875.11
885.42
951.37
1000.53
1013.16
1047.98
1050.34
1065.10
1121.63
1122.34
1180.21
1183.36
1206.55
1235.28
1247.12
1265.57
1292.32
1297.20
1307.02
1332.91
1361.00
1361.74
1404.02
1410.62
1424.99
1426.38
1518.67
1519.35
1542.47
1544.56
2975.55
2988.35
2992.24
2999.59
3107.76
3107.82
3110.95
3111.01
$end
