
$molecule
 C 0.06779940356772 -3.09614664648173 -1.27388025877148
 C 0.00500356858008 -2.20631588551394 -0.01989169951293
 C 1.23341839115276 -1.31491537929949 0.13402132219232
 C -1.22730152554992 -1.31813554013232 -0.16077398531732
 C -0.05386754608495 -3.11469383805695 1.22092010501944
 C 2.41768005402250 -1.52256196592590 -0.56738805221942
 C 1.17733365615310 -0.26621479029907 1.05446114214380
 C -1.17578302312824 -0.25574217860292 -1.06564807043520
 C -2.41067364841858 -1.54130480026611 0.53736377319181
 C 3.51617570321039 -0.70030380668347 -0.36940785034298
 C 3.46014686606200 0.34998194891333 0.54230821773900
Br 5.12402444668693 -0.99597745515306 -1.34711810075381
 C 2.27508993513353 0.54941074472269 1.24893925863922
 O 4.52753728853464 1.15036851931393 0.73263247067600
Br 2.22685290057793 2.00154753731777 2.49588773529541
 C -2.27709650450944 0.55784447457446 -1.24818440932323
 C -3.46131279752328 0.34279112286362 -0.54473221408937
Br -2.23521728285318 2.02833026627371 -2.47366930271639
 C -3.51277577542452 -0.72107686394928 0.35137364896946
 O -4.53221008593853 1.14118310931772 -0.72337414986320
Br -5.11932472868000 -1.03814328493051 1.32450051698892
 H 0.22440069043292 -2.49321935626906 -2.16798160699140
 H 0.86969782650201 -3.82963957828996 -1.19277958728658
 H -0.87623931310621 -3.63117502769218 -1.38055464307956
 H -0.21309838760249 -2.52562508482875 2.12375219654526
 H -0.85254333834812 -3.85042871788740 1.12904410732887
 H 0.89250957732593 -3.64708379529285 1.31978884330754
 H 2.50738760603996 -2.32851193981379 -1.28325676047677
 H 0.26937046668116 -0.08016531136454 1.61461042274796
 H -0.26863134208709 -0.05748703169762 -1.62291698894621
 H -2.49686000447302 -2.35808749729919 1.24128634127251
 H 4.29291031725356 1.81965129564405 1.40540605181121
 H -4.30049039418974 1.82134475678962 -1.38617247374300
$end
$temperature
298.15
$end
$mult
 1
$end
$sigma
 1
$end
$pressure
1.00000
$end
$scale
1.0
$end
$msrrho
$end
$freq
9.93
11.88
23.43
81.76
82.44
85.02
94.71
109.44
113.82
119.20
168.17
180.53
189.61
228.68
233.20
235.95
245.69
252.84
265.91
268.38
276.30
300.76
308.98
353.21
369.63
387.48
442.33
462.16
462.69
474.95
489.04
491.85
517.48
534.89
566.56
594.38
602.25
658.48
665.07
727.43
763.55
764.45
789.80
829.11
830.24
862.50
864.91
866.21
908.07
951.45
962.73
1007.07
1070.79
1072.12
1107.63
1110.82
1125.00
1141.46
1172.87
1219.75
1219.95
1232.11
1236.02
1303.50
1305.73
1319.17
1321.55
1379.79
1388.25
1398.03
1399.39
1469.78
1470.85
1475.13
1478.33
1482.48
1482.92
1545.04
1548.31
1584.47
1585.81
3035.51
3036.37
3078.33
3079.15
3083.33
3085.18
3124.19
3124.22
3138.25
3138.28
3431.69
3431.71
$end
