
$molecule
C  -0.29864247 -0.55725151 0.60784841
C   0.99488962 -0.78478230 0.11921518
C  -0.69174601 0.73973226 0.96606200
C   1.90057518 0.28292146 0.01373666
C   0.20585008 1.80657536 0.86036488
C   1.50257087 1.57200970 0.39219727
C  -2.09735768 1.00392791 1.41285986
O  -2.65758106 0.65883191 2.42068691
O  -2.68419430 1.77125596 0.44058260
C  -4.14563082 1.90187324 0.45461857
H  -4.48405233 1.93911044 1.51212448
H  -4.27482428 2.87206088 -0.07022971
C  -4.72788719 0.70484462 -0.31800948
H  -4.09252187 -0.18859093 -0.08253707
C  -6.16820045 0.41962211 0.16142348
H  -6.71646061 1.38217070 0.29186530
H  -6.70214543 -0.17548958 -0.61903945
C  -6.19483967 -0.37154048 1.47176899
H  -5.78058818 -1.39284212 1.31337500
H  -7.24186969 -0.46198813 1.83655283
H  -5.58438370 0.13086639 2.25689395
C  -4.68685971 0.93301024 -1.84469779
H  -5.20843214 0.08451218 -2.34902248
H  -5.23847704 1.87162763 -2.08662549
C  -3.25832875 1.03704965 -2.40683089
H  -2.63386286 1.65762860 -1.71534396
H  -3.29803455 1.55266680 -3.39487940
C  -2.58374005 -0.33303319 -2.58830656
H  -3.06126139 -0.87006692 -3.44175340
H  -2.73079547 -0.94380837 -1.66670806
C  -1.08146079 -0.19680963 -2.85463026
H  -0.90613087 0.32418116 -3.82110998
H  -0.59581098 0.38705203 -2.04173296
H  -0.61348308 -1.20607149 -2.89667501
Br  -1.52992310 -1.98908730 0.77936353
Br   1.50713135 -2.52383159 -0.42325393
Br   3.64897954 -0.01726963 -0.64701782
Br   2.70057393 3.03664785 0.26646795
H  -0.11692649 2.81758211 1.13444648
$end
$temperature
298.15
$end
$mult
1
$end
$sigma
1
$end
$pressure
1.00000
$end
$scale
1.093
$end
$msrrho
$end
$freq
2.21
13.31
22.67
36.68
39.02
51.69
60.13
73.88
79.63
96.44
106.23
110.53
112.24
120.33
128.05
145.06
177.09
186.49
213.43
221.09
227.67
232.97
257.98
273.68
289.34
312.79
332.79
374.42
378.02
441.46
449.50
473.52
483.03
526.79
540.52
577.52
638.23
685.45
711.07
734.11
774.61
780.88
830.11
854.19
877.84
896.67
927.42
939.97
943.84
968.46
988.32
1025.22
1054.23
1062.20
1069.60
1112.68
1120.85
1132.08
1136.54
1146.35
1148.62
1162.16
1175.75
1181.21
1196.09
1203.30
1207.11
1229.65
1233.57
1261.61
1274.46
1303.79
1319.96
1324.30
1329.58
1336.18
1351.07
1356.51
1357.51
1359.73
1359.89
1362.95
1377.98
1378.71
1385.78
1395.37
1405.00
1409.07
1409.97
1461.63
1599.25
1611.44
1827.52
2627.52
2636.30
2639.51
2641.69
2649.75
2667.13
2670.88
2672.53
2678.20
2683.43
2725.28
2751.91
2765.10
2771.41
2774.91
2779.99
2853.69
2854.59
$end
