
$molecule
Br     2.150217  -2.027123  -0.000061
Br    -3.374466  -0.623384   0.000021
 O     2.430577   1.068724  -0.000011
 C     1.146281   0.647344  -0.000004
 C     0.774488  -0.698839  -0.000024
 C     0.136815   1.609153   0.000023
 C    -0.557029  -1.088521  -0.000016
 C    -1.197960   1.239140   0.000031
 C    -1.537223  -0.108345   0.000011
 H     0.423033   2.652418   0.000039
 H    -0.818738  -2.135995  -0.000032
 H    -1.970209   1.994942   0.000053
 H     3.020088   0.299491  -0.000030
$end
$temperature
298.15
$end
$mult
 1
$end
$sigma
 1
$end
$pressure
1.00000
$end
$scale
0.99
$end
$msrrho
$end
$freq
110.84
132.47
150.33
239.01
281.79
325.67
332.86
426.97
448.20
494.14
559.40
634.35
694.96
715.68
837.07
854.15
896.80
957.10
1051.25
1096.56
1157.42
1212.07
1275.44
1313.35
1361.84
1434.63
1504.76
1610.96
1624.25
3193.42
3209.99
3214.37
3702.94
$end
