
$molecule
Br  -1.82110764 2.69258335 0.53820648
C  -0.77520483 1.14619448 0.22911494
C   0.62269504 1.24504390 0.17148138
C  -1.39788916 -0.09883054 0.05763216
Br   1.46275984 2.92476365 0.40274874
C   1.39792325 0.09884897 -0.05759734
Br  -3.28385966 -0.23216442 0.13531318
C  -0.62266545 -1.24503266 -0.17144743
Br   3.28389171 0.23218617 -0.13532556
C   0.77524321 -1.14618119 -0.22908086
Br  -1.46272747 -2.92474122 -0.40275990
Br   1.82113975 -2.69256200 -0.53821710
$end
$temperature
298.15
$end
$mult
1
$end
$sigma
1
$end
$pressure
1.00000
$end
$scale
1.093
$end
$msrrho
$end
$freq
32.54
32.61
44.10
110.43
110.43
116.72
121.55
121.56
136.81
208.84
208.85
249.85
259.62
320.23
320.35
520.99
589.16
589.17
593.42
593.59
724.58
806.93
806.94
987.77
1134.15
1301.04
1392.72
1392.74
1580.07
1580.07
$end
