
$molecule
 C -0.05719943108354 -0.84162496960969 0.79752671806946
 C 1.29138363549080 -0.92085271620271 0.45275841639062
 C -0.70797193077629 0.39440251919757 0.76068664300773
 C 1.99619429298766 0.22018710827357 0.08180485306557
 C 0.00612747494604 1.53121258048293 0.38078814152538
 C 1.34504470267531 1.44943196731070 0.04876049415150
 C -2.15844687801172 0.54092367440571 1.08758654463976
 O -2.80592154546288 -0.22809173637756 1.75039035796450
 O -2.66688011739503 1.64857636207029 0.53872668632281
 C -4.08150123407735 1.84681715395783 0.66537559451322
 H -4.36491186596704 1.67279377230049 1.71000469905980
 H -4.25917167846660 2.89667146448037 0.41165916562863
 C -4.86703347315809 0.91025205980414 -0.26529183278002
 H -4.47035765965202 -0.10381535763687 -0.14001504135024
 C -6.35000600805056 0.89806063202151 0.14759432482375
 H -6.70621482793199 1.92637909174893 0.27540455044918
 H -6.93409514209441 0.44779939429428 -0.66146871385812
 C -6.59773881969621 0.09886768496138 1.42692096066238
 H -6.24369034901528 -0.92565149350908 1.30809622965416
 H -7.66566822420828 0.07468061267741 1.64582807152462
 H -6.08350527458892 0.54310502549300 2.27923656029924
 C -4.74671358111738 1.32359816453440 -1.74333432710877
 H -5.39322171085485 0.66512004140888 -2.33393106193276
 H -5.12930927386244 2.34422729552939 -1.85846347431318
 C -3.33012010429036 1.26774623312318 -2.33146612386294
 H -2.66952779031881 1.94860204665707 -1.78824726151251
 H -3.38378302985533 1.62696623027119 -3.36521496704531
 C -2.72840006087909 -0.14156486713517 -2.32991495161181
 H -3.36958384458118 -0.81506974454752 -2.90834034653248
 H -2.67938844231097 -0.52883278599334 -1.30787328626768
 C -1.32020433013831 -0.14080589293101 -2.92318838008981
 H -1.33658072247497 0.21282916527217 -3.95498250999531
 H -0.66389163081064 0.51177120922141 -2.34469062237282
 H -0.90523857258680 -1.14925009802119 -2.90773910858670
Br -0.99589380247134 -2.42546036953241 1.26017113598544
Br 2.18238528145540 -2.60285584207852 0.48340652057306
Br 3.83445841772065 0.11342006738317 -0.38685191212843
Br 2.25161278642205 3.04487099864738 -0.45667683515209
 H -0.49150523550929 2.49132831804724 0.35260908819067
$end
$temperature
298.15
$end
$mult
 1
$end
$sigma
 1
$end
$pressure
1.00000
$end
$scale
1.0
$end
$msrrho
$end
$freq
4.73
17.09
18.16
35.82
41.78
44.83
63.45
76.49
83.03
91.89
110.91
117.25
125.30
135.43
147.42
182.86
198.60
201.98
220.33
224.64
229.11
247.52
248.83
261.04
286.13
302.29
308.77
346.84
364.70
431.96
455.52
473.55
484.90
516.34
522.57
579.87
600.42
641.04
732.11
739.19
753.79
782.47
798.57
816.84
848.06
852.49
894.22
911.08
932.04
944.03
991.29
1012.34
1031.17
1063.30
1070.00
1072.75
1077.70
1099.74
1137.48
1147.15
1156.92
1170.53
1186.46
1213.89
1229.80
1238.46
1246.86
1269.48
1281.27
1286.72
1293.60
1303.50
1322.05
1340.93
1346.27
1358.58
1368.23
1370.66
1391.42
1396.32
1398.35
1440.32
1467.45
1469.29
1471.81
1478.39
1480.87
1481.03
1485.57
1489.56
1512.84
1530.56
1764.84
2994.38
2999.42
3001.43
3007.51
3010.75
3013.98
3019.41
3025.86
3029.30
3035.94
3036.64
3037.98
3049.71
3071.10
3075.57
3079.51
3081.20
3140.22
$end
