
$molecule
 H 3.01889331559731 1.28753374246081 0.87245959500123
 C 2.75115828125013 0.33868686968926 1.31414026967076
 C 1.63068093444947 -0.36988003131988 0.62363240220627
 C 3.36876931924810 -0.12872232436335 2.38111961095722
 O 0.53451673997352 0.54861702107603 0.51956906573978
 H 1.94810863041232 -0.67632547491930 -0.38449498489311
 H 1.32508934124465 -1.26216925295114 1.18429607714728
 C -0.52185550704184 0.12374553558766 -0.21831067666855
 C -0.61220929721393 0.41980482271471 -1.58013045108501
 C -1.59161789371226 -0.55954251939219 0.36296135751900
Br 0.81584289426601 1.37310925472477 -2.37717419974789
 C -1.70950397898895 0.05216602500752 -2.33875496251523
Br -1.50704958812442 -0.94594665259033 2.21457933124020
 C -2.70120050115240 -0.93987355001824 -0.37203197336241
 H -1.75498538885232 0.29703085149020 -3.38831118971637
 C -2.74471848105086 -0.63080642577122 -1.72162495609729
 H -3.51567059756889 -1.46451063591142 0.10226179602002
Br -4.25633182662002 -1.14704237110446 -2.74457630851954
 H 3.09517104916472 -1.06895748100418 2.83108150204126
 H 4.18056055471967 0.40557459659471 2.84274769506234
$end
$temperature
298.15
$end
$mult
 1
$end
$sigma
 1
$end
$pressure
1.00000
$end
$scale
1.0
$end
$msrrho
$end
$freq
12.27
30.06
54.38
83.74
96.30
108.67
110.16
151.04
175.39
189.31
218.99
224.88
318.47
333.95
390.99
430.39
476.08
518.85
536.93
602.13
661.00
689.47
703.16
832.30
844.66
872.22
902.56
919.57
977.60
1006.03
1017.41
1028.42
1119.31
1135.38
1181.07
1209.11
1245.11
1265.18
1289.88
1324.02
1360.59
1406.84
1413.55
1459.79
1521.45
1542.44
1719.19
2866.41
2913.01
3084.70
3104.13
3108.46
3109.38
3137.31
$end
