
$molecule
 C -0.00023123524682 -2.87586267045865 -0.00001134670911
 C 0.16126740305749 -3.77509006242194 1.23692737832624
 H -0.76479941645182 -4.32654839044940 1.40161808209581
 H 0.96773854114356 -4.49369212305246 1.09197146901476
 H 0.36959067744603 -3.18072454506687 2.12602682305853
 C -0.16185901307992 -3.77482373696327 -1.23712847538133
 H 0.76416020074746 -4.32630934615755 -1.40199485814243
 H -0.96836649158235 -4.49340190757247 -1.09226655802024
 H -0.37020959633230 -3.18026540413100 -2.12609324421098
 C 1.20117064247734 -1.96574724015232 -0.23674623249011
 C 1.07047007244450 -0.94326069421296 -1.17828924622481
 C 2.40953118473750 -2.09718994390277 0.43735472057700
 C 2.10151483150067 -0.05005678417713 -1.39855104287668
 C 3.44541860983112 -1.20146644982388 0.21036758652597
 C 3.29880153363799 -0.14635677016723 -0.68693395961251
 H 0.14442820769663 -0.82607438140143 -1.72772161997109
 H 2.56749798458226 -2.89368561935355 1.15194906807765
 C -1.20149284524945 -1.96559692277947 0.23684882080594
 C -1.07058816455761 -0.94314840515934 1.17840282989494
 C -2.40993838343899 -2.09690110855213 -0.43712835901252
 C -2.10147442993936 -0.04977043446826 1.39871027948517
 C -3.44567798479139 -1.20102703611450 -0.21006732491717
 C -3.29880277189286 -0.14587582832379 0.68714081578966
 H -0.14450978329842 -0.82613090078582 1.72780922842215
 H -2.56809547875659 -2.89342377600086 -1.15165068244285
 O 4.29395133102112 0.76073786893216 -0.92443802339328
 C 4.55587114353732 1.74699096367301 0.07758327094567
 H 4.98437898615001 1.28037068208272 0.97568253367744
 H 5.30828848905786 2.40893218270351 -0.36776086015433
 O -4.29373079563237 0.76149838012640 0.92452161897600
 C -4.55530810845769 1.74767118319692 -0.07766967911510
 H -4.98383216689428 1.28101891058824 -0.97574672254177
 H -5.30762012474878 2.40985266556301 0.36749410975712
 C 3.31852631825498 2.53262178970716 0.42148968193068
 H 2.78966924175386 2.95317695990519 -0.42818700097223
 C 2.87818323906414 2.70153948000088 1.65653772666171
 H 3.38710771355068 2.28091484175296 2.51500614967418
 H 1.98905149149324 3.27798286028210 1.87409146197989
 C -3.31775687787605 2.53299067386825 -0.42154569343331
 H -2.78874107572551 2.95328776799053 0.42815976628230
 C -2.87741429481553 2.70194263659051 -1.65658588933408
 H -3.38650076483555 2.28159589084581 -2.51509526090189
 H -1.98810272863014 3.27812672781835 -1.87408571012847
Br 5.09657253433460 -1.45249501355075 1.13564814759422
Br 1.89154360673312 1.34304482283825 -2.68254293955181
Br -1.89121049658771 1.34331667601788 2.68267388691363
Br -5.09692895543674 -1.45173546927863 -1.13525572692545
$end
$temperature
298.15
$end
$mult
 1
$end
$sigma
 1
$end
$pressure
1.00000
$end
$scale
1.0
$end
$msrrho
$end
$freq
6.77
10.20
12.47
23.99
24.01
24.39
31.07
48.93
50.56
89.91
93.68
100.22
105.07
106.92
121.40
129.65
149.48
168.22
174.82
177.19
186.50
207.28
215.01
244.81
246.33
251.30
264.00
272.02
290.91
294.45
301.56
327.38
328.55
367.55
389.03
394.98
415.99
450.68
470.06
472.80
477.19
478.77
540.36
546.39
564.90
592.54
610.96
634.86
642.84
682.36
685.54
712.54
760.80
770.35
771.01
828.49
829.48
845.92
864.58
865.39
886.75
887.15
900.49
906.29
906.60
952.51
963.57
969.33
970.43
1005.68
1005.77
1006.52
1043.55
1044.03
1089.02
1090.25
1123.39
1130.18
1130.19
1142.79
1176.18
1199.11
1199.39
1219.53
1222.01
1256.57
1256.99
1262.06
1262.35
1275.89
1279.45
1300.88
1301.09
1340.58
1340.90
1378.88
1385.45
1387.77
1389.59
1400.46
1400.49
1440.23
1441.78
1456.27
1457.80
1472.34
1477.67
1481.38
1481.61
1531.20
1534.49
1575.83
1578.16
1718.20
1718.22
2974.56
2974.60
3011.13
3011.14
3035.92
3036.75
3078.64
3079.46
3083.98
3085.85
3101.16
3101.18
3106.27
3106.27
3121.30
3121.41
3136.37
3136.41
3150.70
3150.79
$end
