
$molecule
 O 0.59952521792730 0.29794553205064 -0.02318426008587
 C 0.44104933803857 -0.18394464747641 1.06676818938237
 C 1.46960143894770 -0.08167211224351 2.16867649444305
 O -0.62493182083936 -0.85244799110073 1.46902238334511
 C 1.86624267370176 1.19357773481670 2.57381376068784
 C 2.05032211058023 -1.20744859268621 2.74120825040996
 C -1.76136735528773 -0.95534835868169 0.59149590873129
 C 1.18068887357334 2.37867863895267 1.93584821502805
 C 2.82817863493029 1.34158762231484 3.56669167426878
Br 1.54002447400943 -2.93739862397692 2.13763202574258
 C 3.02064646531591 -1.05831595979086 3.72894468876297
 C -3.02011603953813 -0.54741886189685 1.36339563006460
 H -1.60112580604214 -0.31590029158883 -0.28290706601519
 H -1.82531657994273 -1.99621197509570 0.25558398434539
 C -2.93743251445707 0.91188895099175 1.84350159668282
 C -3.24893228090267 -1.47264104571048 2.57187636337081
 H -3.86662759831912 -0.64863876286397 0.66974576338208
 C -2.88533976713123 1.92287128773505 0.69380894877761
 H -3.81900233777922 1.11809479078552 2.45993356748716
 H -2.05354107833759 1.03770471917768 2.47609042022689
 C -3.59105770500294 -2.90917569593585 2.17755686780438
 H -4.07378571546402 -1.06729076590055 3.16659791892992
 H -2.35395483560999 -1.46818279293846 3.20196085790882
 C -3.06718248483452 3.35292536735279 1.21110116822966
 H -3.66872534513973 1.69474021339848 -0.03825449275884
 H -1.91849756551407 1.85140027138885 0.18759340740526
 C -3.00886302794283 4.36960322413725 0.07269518785707
 H -4.03104909262829 3.43727853765552 1.72519494084384
 H -2.27954444681752 3.57602788682035 1.93668072231525
 H -3.78662797264227 4.16740825252529 -0.66571523959938
 H -3.15237444410733 5.37877210393892 0.46089651720637
 H -2.04008982962681 4.32706989600302 -0.42734549745388
 H -3.83940177849914 -3.48507328656574 3.06962852283154
 H -4.44879168465855 -2.92926651150366 1.50337557432575
 H -2.74954050002955 -3.39584506519831 1.68357824235551
 O 2.05408771940235 3.18118425769860 1.35417727609537
 O -0.01076956676577 2.53785545666243 1.96391989335369
Br 3.31609105381533 3.08437030354346 4.15147272803145
 C 3.40330823697997 0.21313302670749 4.14581815577099
Br 3.81724051428569 -2.59749845064198 4.51043837718006
 C 1.57658023624809 4.30682844753544 0.59468608975821
Br 4.71730528074965 0.41453136309374 5.50503212001477
 C 2.21849622951986 4.27529538086574 -0.79600294431160
 H 0.48406784558316 4.26425146716680 0.53383890764081
 H 1.86101041029129 5.21420712871124 1.13870921139975
 C 1.82681896421721 3.00407528463685 -1.56888937912847
 C 3.75188067258924 4.36304510674552 -0.69702876034694
 H 1.84411786829341 5.15409636209678 -1.33965618688886
 C 0.32694071089190 2.91858064993503 -1.86867831282937
 H 2.38023042722675 2.99664754423283 -2.51407143283796
 H 2.13282514536495 2.12179919460004 -0.99866503389643
 C 4.24778485641262 5.70746163805324 -0.16523250725566
 H 4.11685709459788 3.55650371106798 -0.05337130178210
 H 4.17240768685168 4.20512313320670 -1.69533014344868
 C 0.02842472441179 1.79073176469935 -2.86097763401959
 H -0.02524528724898 3.87181229154991 -2.27979788586807
 H -0.22101823848014 2.72729822309442 -0.94165086041043
 C -1.46547013967288 1.69533294908953 -3.16460626502356
 H 0.37431992428554 0.84145970622195 -2.44173519054148
 H 0.57816318115740 1.96665743882142 -3.79226542602862
 H -2.02710806499148 1.48233723372621 -2.25381367787671
 H -1.65404856115653 0.89472032468996 -3.88096940987114
 H -1.83448235273346 2.63224378671823 -3.58542619739402
 H 5.33649250465320 5.74287581574037 -0.21604910115115
 H 3.95216712073212 5.85624955127676 0.87374867581589
 H 3.84712318255790 6.52867821956248 -0.76164802138851
$end
$temperature
298.15
$end
$mult
 1
$end
$sigma
 1
$end
$pressure
1.00000
$end
$scale
1.0
$end
$msrrho
$end
$freq
9.74
16.49
16.98
22.95
24.03
33.34
37.29
39.23
41.48
44.08
51.89
54.65
61.03
79.73
90.88
92.71
98.15
101.01
108.06
116.54
117.02
126.81
130.26
134.17
135.81
141.95
143.87
192.71
196.66
205.24
205.64
208.79
208.99
219.27
220.32
228.75
231.97
247.67
256.97
265.18
266.47
287.50
290.38
300.22
301.55
340.16
343.42
377.37
413.61
442.58
443.42
477.09
477.68
496.22
530.69
559.24
576.83
582.13
601.30
620.39
681.07
733.67
735.92
736.28
742.59
770.95
786.37
786.42
792.84
812.25
817.26
865.27
866.11
891.18
893.13
927.10
927.79
931.21
932.26
939.21
942.73
985.57
986.48
1011.90
1015.17
1034.10
1034.70
1053.65
1053.73
1074.80
1074.88
1087.88
1088.73
1091.32
1099.09
1110.82
1125.14
1129.72
1143.64
1145.87
1159.91
1160.08
1199.33
1212.21
1216.10
1220.04
1236.58
1240.48
1240.61
1255.96
1256.22
1259.47
1260.02
1269.78
1270.44
1283.35
1283.51
1284.30
1293.23
1293.39
1331.95
1332.14
1339.40
1340.36
1346.59
1346.78
1352.32
1359.91
1359.98
1373.41
1373.63
1380.93
1395.70
1395.77
1396.87
1396.90
1448.35
1448.61
1461.27
1461.87
1467.82
1467.85
1469.53
1469.55
1476.29
1476.31
1481.56
1481.56
1481.67
1481.69
1485.92
1486.11
1486.14
1486.35
1508.89
1518.52
1776.47
1782.65
2974.74
2974.92
2995.91
2996.25
3004.74
3004.86
3005.61
3005.69
3006.50
3006.97
3011.74
3011.75
3028.51
3028.60
3028.99
3029.52
3031.82
3031.84
3035.12
3035.61
3035.67
3037.10
3040.78
3041.37
3045.90
3046.99
3070.54
3070.59
3073.60
3074.05
3074.07
3074.08
3077.03
3077.06
$end
