
$molecule
C   0.00001528 -2.70579185 -0.00007274
C   0.09993811 -3.59341762 1.24217050
H  -0.85051771 -4.11188295 1.44056927
H   0.85894684 -4.38228494 1.14014380
H   0.33886930 -3.02096893 2.14977795
C  -0.10012219 -3.59313940 -1.24250341
H   0.85012312 -4.11198652 -1.44089630
H  -0.85948661 -4.38170184 -1.14072692
H  -0.33875202 -3.02043582 -2.15002941
C   1.20882143 -1.82937156 -0.20726730
C   1.09407868 -0.75834880 -1.09790710
C   2.43152423 -2.08111430 0.40605687
C   2.18329785 0.05738363 -1.32885590
C   3.50719062 -1.24753140 0.14666740
C   3.40900678 -0.15361444 -0.70193487
H   0.14799263 -0.55878106 -1.61429307
H   2.57810114 -2.92807141 1.08353337
C  -1.20869118 -1.82928484 0.20731427
C  -1.09370678 -0.75804885 1.09765704
C  -2.43161329 -2.08133996 -0.40545276
C  -2.18282942 0.05782954 1.32857440
C  -3.50719001 -1.24767316 -0.14602791
C  -3.40864547 -0.15327513 0.70192125
H  -0.14751685 -0.55843792 1.61383888
H  -2.57840376 -2.92861613 -1.08248716
O   4.47547530 0.62968921 -1.02910710
C   4.90705658 1.48236156 0.01379965
H   5.28750539 0.90900889 0.88988347
H   5.78335680 1.98674833 -0.45076951
O  -4.47494031 0.63048223 1.02859933
C  -4.90626453 1.48243074 -0.01500407
H  -5.28528441 0.90856066 -0.89137867
H  -5.78347321 1.98618714 0.44852433
C   3.85572021 2.47577761 0.39319482
H   3.11795423 2.72238061 -0.37969841
C   3.84256782 3.04964645 1.58859781
H   4.55563022 2.83372827 2.37885833
H   3.10807119 3.79368908 1.88111232
C  -3.85546046 2.47666769 -0.39374765
H  -3.11668952 2.72193778 0.37860909
C  -3.84409116 3.05286021 -1.58805199
H  -4.55822726 2.83829875 -2.37770937
H  -3.11018708 3.79762420 -1.88018835
Br   5.18389091 -1.71540129 0.98957658
Br   1.95322220 1.49929846 -2.59461741
Br  -1.95249138 1.50001376 2.59397271
Br  -5.18432782 -1.71616317 -0.98772253
$end
$temperature
298.15
$end
$mult
1
$end
$sigma
1
$end
$pressure
1.00000
$end
$scale
1.0
$end
$msrrho
$end
$freq
8.87
12.70
14.45
22.80
29.79
38.05
39.35
48.36
54.55
85.91
97.49
100.77
101.08
112.01
126.75
134.81
155.17
165.36
174.50
188.73
197.10
238.63
246.59
247.64
252.62
263.18
280.53
286.80
316.23
331.92
333.74
359.49
360.69
394.10
399.05
432.34
458.38
495.38
495.70
499.60
516.48
530.07
555.74
558.33
594.38
596.83
598.50
663.55
668.34
722.80
723.61
741.25
764.02
783.47
814.51
899.10
902.38
937.62
938.04
938.38
945.47
946.90
951.19
957.72
973.19
992.23
1004.93
1014.49
1015.46
1018.00
1044.81
1045.67
1062.70
1064.08
1152.08
1153.24
1184.04
1187.40
1189.35
1215.21
1218.51
1220.25
1231.93
1234.56
1251.66
1251.81
1267.32
1269.44
1269.77
1284.24
1287.44
1304.30
1304.50
1309.99
1311.92
1316.34
1317.52
1326.40
1337.66
1348.03
1360.53
1407.48
1407.75
1486.19
1489.30
1502.07
1514.73
1660.27
1661.91
1707.13
1711.80
1768.32
1768.63
1784.37
1784.51
2899.39
2899.43
2940.76
2940.78
3018.96
3019.66
3029.07
3031.05
3038.24
3038.31
3046.01
3046.64
3054.50
3054.57
3084.07
3084.40
3098.73
3098.78
3110.89
3110.94
$end
