
$molecule
H  -2.95460357 -0.02722870 -0.05506548
O  -2.38994302 0.73308426 0.02390477
C  -1.10033661 0.31391454 0.03329383
C  -0.14059958 1.32528660 0.14524816
C  -0.64462459 -1.00128954 -0.05596236
Br  -0.78482363 3.06394570 0.26185341
C   1.21396020 1.06672426 0.16952890
Br  -1.84968962 -2.41647146 -0.20806324
C   0.70537518 -1.31111264 -0.03589959
H   1.95054378 1.87199693 0.25775860
C   1.59989812 -0.26252498 0.07685525
H   1.04748706 -2.34905820 -0.10692006
Br   3.42175246 -0.65536373 0.10594512
$end
$temperature
298.15
$end
$mult
1
$end
$sigma
1
$end
$pressure
1.00000
$end
$scale
0.953
$end
$msrrho
$end
$freq
78.21
105.29
105.63
117.25
172.09
254.53
269.66
309.76
317.61
330.01
353.44
477.67
532.69
533.92
724.85
737.78
794.19
904.22
931.34
946.17
1039.32
1106.33
1236.80
1326.62
1432.70
1444.62
1572.79
1624.90
1793.08
1802.12
3067.01
3070.95
3873.38
$end
