
$molecule
C   0.11161944 -3.04907005 -1.25561745
C   0.00490164 -2.15630713 -0.01948721
C   1.22191880 -1.27975512 0.16307961
C  -1.21595414 -1.28251020 -0.18921073
C  -0.09787229 -3.06753918 1.20343156
C   2.37006144 -1.41793252 -0.61939983
C   1.20670726 -0.31308550 1.17631950
C  -1.20510565 -0.30119637 -1.18833017
C  -2.36336577 -1.43702207 0.59129972
C   3.49209775 -0.61181005 -0.41061408
C   3.46672747 0.35952548 0.61103590
Br   4.98110247 -0.87778912 -1.51726716
C   2.31119005 0.50425571 1.40767973
O   4.58998709 1.12523146 0.77707043
Br   2.21365435 1.77574893 2.78335539
C  -2.31316385 0.51461919 -1.40769312
C  -3.46793153 0.35332500 -0.61312357
Br  -2.22134386 1.80632704 -2.76480609
C  -3.48892620 -0.63284784 0.39431576
O  -4.59456098 1.11643313 -0.76793337
Br  -4.97663761 -0.92127115 1.49708708
H   0.27613768 -2.43601314 -2.17370305
H   0.95309675 -3.77375056 -1.14124172
H  -0.83570747 -3.62737772 -1.38150644
H  -0.26494124 -2.46866728 2.13037734
H  -0.93625087 -3.79405936 1.07845294
H   0.85194467 -3.64355079 1.32082092
H   2.40584058 -2.17539427 -1.42087734
H   0.29868639 -0.20012210 1.79363126
H  -0.29765895 -0.17534045 -1.80400277
H  -2.39573275 -2.20618074 1.38171129
H   4.43394908 1.74991378 1.50625329
H  -4.44138423 1.75229197 -1.48800197
$end
$temperature
298.15
$end
$mult
1
$end
$sigma
1
$end
$pressure
1.00000
$end
$scale
0.961
$end
$msrrho
$end
$freq
9.02
10.28
26.05
67.95
68.08
94.94
108.62
123.33
125.23
142.52
167.50
168.98
191.49
252.89
262.34
265.90
274.99
277.77
285.70
294.87
299.71
302.41
315.77
334.58
350.56
381.12
393.29
422.74
485.98
527.48
528.43
528.74
563.07
584.79
628.57
670.30
694.01
744.31
745.68
791.82
792.37
835.19
883.10
950.73
952.88
959.53
962.92
1006.41
1012.99
1023.96
1037.39
1041.50
1188.34
1190.38
1231.57
1261.81
1267.90
1279.51
1330.27
1359.09
1361.95
1379.44
1381.23
1397.99
1400.39
1414.09
1416.43
1425.57
1440.14
1449.46
1452.29
1547.30
1548.77
1576.76
1577.46
1664.58
1668.50
1753.79
1755.23
1762.85
1768.82
3061.13
3061.66
3064.93
3066.80
3154.12
3154.62
3158.58
3159.17
3161.59
3161.82
3387.02
3387.34
$end
