
$molecule
C  -0.05475813 -0.57878054 0.57183378
C   1.31538716 -0.79571543 0.35655284
C  -0.50641012 0.71577956 0.85672988
C   2.22010181 0.27484578 0.42080035
C   0.39125575 1.78381626 0.91041506
C   1.75369685 1.56790664 0.69634604
C  -1.93682704 0.99648178 1.13071948
O  -2.55030753 0.81535936 2.18168085
O  -2.56740185 1.57514790 0.06739913
C  -3.96673981 1.88098461 0.19352689
H  -4.22302026 2.08475023 1.26624730
H  -4.07117843 2.82192786 -0.41199909
C  -4.81652897 0.74659576 -0.37845770
H  -4.20200405 -0.19781030 -0.36161141
C  -6.05891853 0.53625692 0.47900047
H  -6.51372364 1.53175117 0.72574261
H  -6.82302030 -0.03554732 -0.11211364
C  -5.75331533 -0.21795247 1.74781444
H  -5.45851900 -1.27038202 1.51672929
H  -6.65343812 -0.24206258 2.40817682
H  -4.91187932 0.26101913 2.30801089
C  -5.21930204 1.03464448 -1.81879140
H  -5.97807511 0.27448526 -2.14549985
H  -5.71903702 2.03865474 -1.86324217
C  -4.04766757 1.01488911 -2.77826866
H  -3.15565588 1.49738689 -2.29568104
H  -4.30753097 1.62370099 -3.68477657
C  -3.68546562 -0.38898334 -3.21627321
H  -4.57256732 -0.86958667 -3.70777190
H  -3.43082990 -1.00843986 -2.31588986
C  -2.52017137 -0.38399858 -4.17188002
H  -2.76492102 0.20377318 -5.08957282
H  -1.62022321 0.07297640 -3.69363125
H  -2.26533284 -1.42710768 -4.47848742
Br  -1.25157352 -2.01100057 0.46833813
Br   1.93784362 -2.51585355 -0.01808815
Br   4.04146165 -0.01798049 0.13819971
Br   2.93039329 3.01557322 0.78075224
H   0.01145647 2.79805583 1.12241769
$end
$temperature
298.15
$end
$mult
1
$end
$sigma
1
$end
$pressure
1.00000
$end
$scale
0.961
$end
$msrrho
$end
$freq
1.79
13.61
15.69
27.23
41.17
45.03
56.23
65.27
68.33
84.91
115.31
118.17
129.89
132.92
133.89
168.46
175.36
197.16
211.30
228.58
237.01
247.86
267.59
288.88
307.82
339.50
380.13
407.12
423.90
453.98
476.87
503.89
514.28
567.21
582.86
611.55
702.57
740.88
762.95
780.78
790.95
830.83
840.74
899.13
917.42
956.08
971.70
986.99
1004.13
1021.15
1068.27
1092.05
1113.16
1138.18
1186.48
1199.63
1202.95
1212.99
1222.80
1226.70
1237.12
1237.75
1245.56
1258.65
1266.81
1278.77
1298.85
1305.93
1352.68
1353.39
1380.37
1384.63
1391.45
1393.72
1395.15
1396.18
1397.05
1405.36
1409.26
1410.55
1414.03
1417.28
1429.27
1436.28
1439.60
1442.53
1448.94
1493.92
1511.11
1598.54
1723.15
1742.51
2076.24
3003.80
3007.60
3013.90
3023.99
3026.15
3037.44
3053.90
3061.05
3061.68
3063.24
3078.01
3087.68
3090.06
3091.33
3097.54
3153.13
3156.49
3162.68
$end
