
$molecule
Br   2.81866401 1.08730385 3.11888522
C   1.34059989 0.71720930 1.99863006
C   0.10223170 0.42683990 2.56534455
C   1.48514589 0.73512193 0.61421816
Br  -0.09927926 0.39121065 4.44378210
C  -0.98721499 0.16528102 1.73844362
Br   3.17930971 1.15956655 -0.12326619
C   0.40800569 0.45855828 -0.23770441
Br  -2.67377776 -0.21491352 2.50499964
C  -0.83154948 0.18580731 0.35528333
C   0.56975040 0.47853285 -1.72729697
Br  -2.34192548 -0.14961893 -0.74037578
C   0.29617929 1.88522271 -2.26364860
H  -0.09430534 -0.25740112 -2.22817391
H   1.57972155 0.13948808 -2.04107235
H   0.41013941 1.91844069 -3.35373416
H  -0.72175265 2.22036156 -2.03100690
H   0.98585424 2.62523547 -1.84015152
$end
$temperature
298.15
$end
$mult
1
$end
$sigma
1
$end
$pressure
1.00000
$end
$scale
1.093
$end
$msrrho
$end
$freq
28.34
33.28
46.64
93.98
118.15
132.29
139.15
141.99
145.67
151.03
207.33
219.08
239.97
251.98
331.72
336.56
369.09
450.00
545.97
580.86
617.50
657.96
699.21
793.10
813.14
886.64
920.84
1037.68
1101.68
1116.57
1143.61
1168.53
1292.40
1293.58
1294.64
1298.03
1358.57
1378.58
1404.85
1447.49
1489.62
1643.40
1667.58
2638.98
2675.89
2678.01
2739.77
2782.50
$end
