
$molecule
 C -0.00019006290735 -2.90653946901525 0.00000075989578
 C 0.20939947909797 -3.80082089912718 1.22762195805419
 H -0.70714180857189 -4.35106519172971 1.42938727804771
 H 1.00327739722362 -4.52128916355204 1.04801031182932
 H 0.45200531248157 -3.21403035963839 2.10962190996376
 C -0.20992822551918 -3.80076590849192 -1.22763520680675
 H 0.70652151158348 -4.35115797331367 -1.42941389626132
 H -1.00392432087573 -4.52110586244552 -1.04803286224095
 H -0.45244174326985 -3.21392013396688 -2.10962375176710
 C 1.17631916272562 -1.98256992872281 -0.27732555264075
 C 0.98896871045047 -0.95252586765053 -1.19461069646640
 C 2.40351485180785 -2.08458275574508 0.35791409546028
 C 1.97556576666560 -0.01300899238539 -1.40584491329431
 C 3.39102159940918 -1.14001028174399 0.12562697291788
 C 3.19383421127574 -0.05616439436172 -0.72650606048851
 H 0.05458197987805 -0.85988793041524 -1.72633531042539
 H 2.61073117875726 -2.88663805887497 1.04699358704227
 C -1.17654185798466 -1.98237394560039 0.27734062223209
 C -0.98900932168594 -0.95236316525126 1.19462600454827
 C -2.40376318270742 -2.08418229172955 -0.35788346896906
 C -1.97544785138718 -0.01268037491352 1.40587162411316
 C -3.39110893069143 -1.13944945261605 -0.12558069377346
 C -3.19373193161500 -0.05563425416123 0.72654659561709
 H -0.05460955875993 -0.85989357097083 1.72635583708489
 H -2.61111642310508 -2.88619669886661 -1.04696947626409
 O 4.13272704311943 0.90616294836385 -0.93398308176512
 C 4.21071471804814 1.90217816510939 0.09935431001066
 H 4.46902720212278 1.43394656053328 1.05637522173539
 H 5.02906501608644 2.54879555863877 -0.22066017795402
 O -4.13245765756920 0.90685935073187 0.93401911559347
 C -4.21026199548517 1.90288156037339 -0.09932453759544
 H -4.46863854370571 1.43468627670516 -1.05634605102282
 H -5.02850591584292 2.54964293485787 0.22067158808408
 C 2.92296628899143 2.66364032861084 0.22545934070472
 H 2.75645397107020 3.43508883619693 -0.51270203106137
 C 1.99985509656945 2.36947740379151 1.12298530523937
 H 2.14819549779194 1.59440176842544 1.85918186501460
 H 1.06392307994257 2.89807746961013 1.17983873805856
 C -2.92237373246066 2.66411054390506 -0.22540542641226
 H -2.75574111781393 3.43553682549118 0.51275290114386
 C -1.99930228500317 2.36978758825556 -1.12291867014827
 H -2.14781339368277 1.59481548384268 -1.85918763793204
 H -1.06331968156927 2.89829423783982 -1.17982612531729
Br 5.07147516442121 -1.33172088579749 0.99675618391051
Br 1.68292063815268 1.39186709748552 -2.63715238458101
Br -1.68256080884879 1.39213452368550 2.63719115949610
Br -5.07159252661287 -1.33085465136707 -0.99671627261034
$end
$temperature
298.15
$end
$mult
 1
$end
$sigma
 1
$end
$pressure
1.00000
$end
$scale
1.0
$end
$msrrho
$end
$freq
9.29
17.39
24.73
34.44
37.47
41.61
43.14
57.86
59.21
93.94
94.53
100.95
116.15
118.60
121.42
123.74
144.56
164.85
178.28
184.48
185.96
197.93
211.13
228.44
243.46
252.41
262.58
285.38
292.86
301.22
315.38
328.88
330.17
374.22
380.72
413.94
416.84
445.51
466.30
473.53
477.58
477.88
536.83
543.81
561.29
605.73
627.04
663.51
667.26
697.68
702.35
705.55
711.30
719.87
762.30
835.99
849.27
850.32
882.10
884.02
884.11
908.07
909.99
913.64
914.25
953.55
956.24
964.01
970.26
1000.92
1001.23
1013.37
1025.28
1026.25
1031.99
1036.00
1123.43
1123.64
1132.17
1150.50
1177.36
1199.81
1203.84
1212.63
1213.42
1232.86
1235.52
1263.63
1265.44
1273.63
1276.60
1302.57
1305.76
1317.31
1317.61
1366.31
1367.31
1402.71
1407.55
1410.25
1417.61
1442.00
1445.05
1452.59
1453.93
1492.25
1496.52
1505.33
1507.48
1525.02
1529.41
1572.26
1575.45
1705.00
1705.40
2923.15
2923.15
2996.17
2996.24
3033.35
3035.55
3039.11
3045.13
3047.36
3048.04
3078.97
3078.98
3091.12
3091.56
3100.67
3101.79
3120.67
3120.73
3130.17
3130.51
$end
