
$molecule
C   0.03677107 -3.05314632 -1.27136048
C   0.00491839 -2.17383726 -0.01948110
C   1.22161940 -1.29622513 0.12479622
C  -1.21559101 -1.29951685 -0.15101893
C  -0.02303088 -3.07138388 1.21948510
C   2.40698097 -1.53428972 -0.56622362
C   1.15580573 -0.23402348 1.02929234
C  -1.15445394 -0.22399196 -1.03995931
C  -2.39989538 -1.55272084 0.53642701
C   3.49786821 -0.70824867 -0.36300876
C   3.45409885 0.36250773 0.52592638
Br   5.10413269 -1.08989245 -1.35838521
C   2.25975652 0.57176979 1.21333575
O   4.56330608 1.11365258 0.65797085
Br   2.12441434 2.03235996 2.47191780
C  -2.26189671 0.57958991 -1.21232322
C  -3.45532548 0.35511261 -0.52813058
Br  -2.13299032 2.05887580 -2.44956720
C  -3.49440773 -0.72863626 0.34514399
O  -4.56782060 1.10321577 -0.64934216
Br  -5.09894182 -1.13183579 1.33481049
H   0.21686556 -2.47351238 -2.18791899
H   0.80567394 -3.83736212 -1.22042131
H  -0.92033299 -3.57700031 -1.41618728
H  -0.20557813 -2.50595877 2.14438853
H  -0.78847827 -3.85815770 1.15718084
H   0.93637566 -3.59308189 1.35665198
H   2.51039988 -2.36516740 -1.27158699
H   0.23830502 -0.03273776 1.59448193
H  -0.23783503 -0.01043183 -1.60205580
H  -2.49969939 -2.39423174 1.22958675
H   4.38955618 1.81664364 1.30280680
H  -4.39716321 1.81625912 -1.28389888
$end
$temperature
298.15
$end
$mult
1
$end
$sigma
1
$end
$pressure
1.00000
$end
$scale
1.0
$end
$msrrho
$end
$freq
10.68
15.50
26.09
68.29
68.67
85.90
101.09
115.56
121.40
131.46
163.96
166.78
191.59
246.25
249.94
258.20
263.56
271.50
278.71
286.02
287.00
290.30
300.94
328.71
333.06
366.92
383.31
398.73
460.45
486.08
486.91
514.23
541.74
562.34
603.34
657.94
660.22
710.23
710.48
722.25
723.55
773.86
828.23
940.81
941.20
947.42
953.34
958.17
979.42
993.14
1007.56
1015.92
1132.12
1135.10
1182.72
1201.32
1202.62
1217.75
1267.16
1281.76
1284.34
1304.41
1304.72
1310.97
1313.41
1325.00
1336.90
1348.18
1360.81
1385.75
1385.91
1505.60
1511.26
1522.24
1524.91
1679.69
1681.25
1723.05
1726.49
1772.30
1774.10
3019.02
3019.72
3029.04
3031.03
3044.74
3045.31
3051.50
3051.60
3084.20
3084.55
3227.86
3228.21
$end
