
$molecule
C   0.06407100 -3.04658378 -1.27934565
C   0.00489581 -2.16250557 -0.01948538
C   1.24469361 -1.27802088 0.13937611
C  -1.23875948 -1.28120984 -0.16542806
C  -0.05032480 -3.06520215 1.22728614
C   2.43805625 -1.54533491 -0.54730417
C   1.19950779 -0.19935834 1.03852273
C  -1.19838144 -0.18941778 -1.04882083
C  -2.43088290 -1.56364629 0.51734016
C   3.56336628 -0.74424689 -0.35735922
C   3.51458575 0.34368730 0.53759283
Br   5.16209670 -1.12342497 -1.30485900
C   2.31900197 0.60588521 1.23587649
O   4.65273780 1.07543121 0.66406544
Br   2.23520603 2.06150235 2.45111879
C  -2.32140337 0.61372514 -1.23444481
C  -3.51576069 0.33623774 -0.53999855
Br  -2.24397492 2.08712615 -2.42848786
C  -3.55966680 -0.76477101 0.33908668
O  -4.65720247 1.06463493 -0.65574138
Br  -5.15657923 -1.16467775 1.28110345
H   0.21117688 -2.45411280 -2.18963507
H   0.86937904 -3.78731552 -1.22363039
H  -0.87262732 -3.60374573 -1.40953805
H  -0.19990065 -2.48675422 2.14615154
H  -0.85240456 -3.80853336 1.16075161
H   0.88879208 -3.62015360 1.34928704
H   2.49858397 -2.39091454 -1.23947925
H   0.27490396 0.01212137 1.58611486
H  -0.27476785 0.03399638 -1.59334805
H  -2.48768297 -2.41944053 1.19716646
H   4.55978444 1.83414853 1.31006409
H  -4.56778064 1.83313535 -1.29052760
$end
$temperature
298.15
$end
$mult
1
$end
$sigma
1
$end
$pressure
1.00000
$end
$scale
1.093
$end
$msrrho
$end
$freq
8.98
10.28
25.10
67.82
68.30
82.49
101.78
112.09
118.17
131.63
160.96
161.62
182.78
186.39
200.87
243.40
253.96
263.97
266.88
273.67
286.16
308.31
313.63
347.70
348.30
360.55
365.29
394.50
443.14
487.39
488.53
491.79
513.44
536.77
583.76
634.32
637.39
688.56
689.41
739.44
741.40
751.15
794.47
912.58
925.78
927.07
937.23
940.96
941.71
960.07
977.83
987.64
1091.19
1094.01
1116.18
1123.21
1168.08
1198.60
1218.08
1240.77
1242.10
1247.97
1253.58
1258.26
1259.42
1266.78
1286.91
1301.89
1303.85
1333.21
1342.26
1400.64
1402.98
1456.31
1456.83
1503.26
1507.23
1613.14
1616.48
1626.93
1629.62
2496.17
2497.57
2689.16
2691.57
2694.68
2696.06
2728.71
2729.02
2731.22
2733.11
2787.24
2789.57
$end
