
$molecule
Br   2.62487990 -2.91474253 -1.03631074
C   1.11495228 -2.51985286 0.06538692
C   0.67661144 -1.21333694 0.27569385
C   0.45877144 -3.57053033 0.67488530
O   1.26743222 -0.20021937 -0.43821702
C  -0.42560598 -0.98581237 1.09745257
Br   1.05679335 -5.35883204 0.38797894
C  -0.62260886 -3.33891288 1.50195344
C   1.81499708 0.78063811 0.35124723
Br  -1.10368073 0.77453036 1.35129852
C  -1.06036877 -2.04689923 1.71114114
Br  -1.50730137 -4.79630562 2.34858777
C   1.38746842 2.09542911 0.17274996
C   2.86874052 0.51675705 1.22413576
Br  -2.55859093 -1.72695122 2.84577263
Br  -0.05717344 2.53900112 -0.99593134
C   2.00597796 3.11816029 0.86372847
Br   3.53396576 -1.25354164 1.43960115
C   3.46567236 1.54972932 1.91846220
Br   1.42231192 4.91768947 0.62085589
C   3.03861641 2.84999792 1.74054692
Br   4.89681170 1.17961329 3.12231404
Br   3.87120815 4.26863771 2.69850315
$end
$temperature
298.15
$end
$mult
1
$end
$sigma
1
$end
$pressure
1.00000
$end
$scale
1.0
$end
$msrrho
$end
$freq
15.73
19.05
21.41
36.32
42.41
43.90
44.56
61.42
62.96
84.26
100.35
101.30
103.18
108.07
117.80
118.67
123.61
133.09
148.71
167.35
204.51
206.07
216.75
219.11
235.44
236.95
303.41
309.94
313.34
315.52
361.19
398.04
458.76
521.94
525.22
574.58
583.71
603.64
604.03
619.95
626.88
690.11
715.50
753.93
762.53
768.01
818.66
914.60
926.16
1160.29
1208.94
1292.76
1298.64
1416.06
1429.67
1479.83
1486.86
1626.22
1633.51
1704.29
1709.13
1732.58
1755.68
$end
