
$molecule
C  -0.74534033 -3.26592931 0.19048908
H  -1.36178444 -2.89908447 -0.65872860
H  -1.08531334 -4.25781583 0.57011978
C   0.73707891 -3.26889817 -0.17782161
H   1.35458023 -2.89991078 0.66970219
H   1.07416449 -4.26350603 -0.55284727
O   0.92980166 -2.46845424 -1.38522470
O  -0.93583073 -2.45935733 1.39416923
C   1.20468364 -1.13109322 -1.21007923
C   0.28192234 -0.19585774 -1.72110704
C   2.40792184 -0.67227222 -0.64049742
C   0.51065017 1.17362490 -1.57900035
C   2.63580253 0.69579600 -0.47754168
C   1.66893887 1.60146525 -0.92329250
H  -0.21605429 1.90136870 -1.95902485
H   3.55747028 1.05115091 -0.00420769
C  -1.20673927 -1.12199839 1.21285502
C  -0.28123160 -0.18711262 1.71952050
C  -2.40861589 -0.66229410 0.64107507
C  -0.50592369 1.18237639 1.57102499
C  -2.63246378 0.70566340 0.47175367
C  -1.66294969 1.61056465 0.91333273
H   0.22292842 1.90971836 1.94771557
H  -3.55307183 1.06155216 -0.00324005
Br   1.28240272 -0.77022139 2.62121316
Br  -3.77312083 -1.88471062 0.14623577
Br  -1.91368775 3.47012438 0.59862099
Br   3.76881755 -1.89637534 -0.13997916
Br  -1.28343568 -0.77854322 -2.62004190
Br   1.92507849 3.46173385 -0.61731213
$end
$temperature
298.15
$end
$mult
1
$end
$sigma
1
$end
$pressure
1.00000
$end
$scale
1.093
$end
$msrrho
$end
$freq
15.92
22.85
34.09
37.51
48.53
54.80
85.39
109.38
114.62
114.72
117.01
127.09
128.43
165.75
169.85
184.18
203.03
239.83
245.03
258.83
260.38
290.16
301.52
353.09
365.21
365.88
385.92
423.47
424.07
487.92
488.36
513.16
514.09
538.35
541.89
656.25
665.21
713.51
720.76
745.82
746.39
801.33
829.74
886.88
918.58
921.04
933.45
933.89
955.13
1019.12
1067.41
1077.68
1091.32
1121.78
1125.96
1128.77
1143.97
1167.83
1205.77
1207.39
1277.51
1278.16
1278.63
1290.74
1317.32
1321.25
1345.34
1349.48
1433.40
1433.82
1461.62
1469.52
1604.19
1604.46
1606.67
1608.43
2630.93
2631.56
2722.66
2723.86
2729.17
2730.01
2744.19
2745.56
$end
