
$molecule
C  -0.74375669 -3.27008213 0.19148255
H  -1.36976160 -2.93666562 -0.65465948
H  -1.09315936 -4.25501472 0.55757859
C   0.73553889 -3.27311807 -0.17878465
H   1.36259075 -2.93767748 0.66578618
H   1.08200547 -4.26075634 -0.54035529
O   0.93266772 -2.46291374 -1.37788324
O  -0.93860530 -2.45377008 1.38679560
C   1.20225978 -1.12694334 -1.17575677
C   0.26197851 -0.18130918 -1.63285595
C   2.41789825 -0.68028338 -0.62198018
C   0.49180305 1.18498684 -1.46114223
C   2.64244468 0.68323692 -0.41866426
C   1.66085980 1.59687562 -0.81364559
H  -0.24603768 1.92214724 -1.80189219
H   3.57156333 1.02866247 0.04747500
C  -1.20430785 -1.11796653 1.17846409
C  -0.26127739 -0.17297007 1.63118766
C  -2.41864031 -0.67033231 0.62261425
C  -0.48710083 1.19317765 1.45310999
C  -2.63921120 0.69288484 0.41297349
C  -1.65495194 1.60547273 0.80369566
H   0.25290848 1.92974794 1.79040706
H  -3.56730524 1.03885273 -0.05481499
Br   1.33710022 -0.73398248 2.48606129
Br  -3.79755769 -1.90257824 0.19197872
Br  -1.88934463 3.45286359 0.41125732
Br   3.79321875 -1.91453931 -0.18565444
Br  -1.33802512 -0.74160420 -2.48515693
Br   1.90071148 3.44535695 -0.42973376
$end
$temperature
298.15
$end
$mult
1
$end
$sigma
1
$end
$pressure
1.00000
$end
$scale
1.093
$end
$msrrho
$end
$freq
23.45
27.65
46.00
53.06
58.45
66.47
93.94
115.80
116.35
118.55
124.53
128.99
135.62
173.69
191.55
193.36
211.64
242.19
248.12
259.74
261.82
293.49
302.09
358.92
367.04
368.19
390.66
431.28
434.65
490.86
492.17
514.62
515.81
543.46
544.84
657.06
665.62
715.92
723.60
745.12
745.46
801.80
830.07
885.38
920.16
922.12
937.12
938.07
952.86
1021.06
1067.96
1078.22
1091.56
1121.00
1123.69
1135.82
1156.71
1174.82
1215.96
1216.94
1246.49
1252.89
1275.55
1286.99
1288.81
1290.15
1340.78
1347.32
1434.19
1434.41
1462.64
1470.25
1602.29
1602.76
1604.65
1606.50
2653.08
2653.29
2713.47
2716.00
2716.40
2717.51
2726.72
2727.39
$end
