
$molecule
C   0.07139050 -2.97714447 -1.27591289
C   0.00504716 -2.09691976 -0.02170212
C   1.24586940 -1.23673291 0.13209604
C  -1.23984156 -1.23992406 -0.15992444
C  -0.05640248 -3.00040271 1.21612879
C   2.44237396 -1.57178312 -0.51588944
C   1.22514587 -0.12701403 0.98477690
C  -1.22614935 -0.11889415 -0.99791637
C  -2.43296149 -1.58795037 0.48741919
C   3.55971200 -0.79299422 -0.31545743
C   3.56540325 0.32540786 0.51815112
Br   5.16439660 -1.20068156 -1.16124390
C   2.36795275 0.62979852 1.16044889
O   4.74381744 0.99165797 0.61100455
Br   2.25603564 2.09832142 2.30726950
C  -2.37247645 0.63556555 -1.16022490
C  -3.56669500 0.31813302 -0.51819898
Br  -2.27030329 2.11895323 -2.28867514
C  -3.55395316 -0.81098537 0.30071307
O  -4.74803552 0.98079627 -0.59865807
Br  -5.15442734 -1.23617876 1.14586638
H  -0.02709853 -2.37787074 -2.19102841
H   1.03176724 -3.51438254 -1.33804703
H  -0.73384961 -3.72238193 -1.27576246
H   0.04492766 -2.41818507 2.14186299
H  -1.01601778 -3.53964264 1.27170484
H   0.74939836 -3.74486090 1.19936610
H   2.49226313 -2.45373612 -1.17325583
H   0.30679234 0.15303239 1.51629471
H  -0.31052846 0.17188753 -1.52838617
H  -2.47764075 -2.47857007 1.13335908
H   4.62557231 1.72683784 1.20146997
H  -4.63467977 1.72402097 -1.17992956
$end
$temperature
298.15
$end
$mult
1
$end
$sigma
1
$end
$pressure
1.00000
$end
$scale
0.953
$end
$msrrho
$end
$freq
10.63
14.98
27.59
77.92
78.69
89.61
97.44
113.27
117.49
126.35
166.90
177.15
190.34
221.63
243.91
256.06
260.02
273.13
283.65
293.05
300.65
315.50
321.28
361.92
363.77
371.41
380.27
403.15
460.27
476.01
476.85
525.94
552.39
563.98
619.71
655.95
658.28
733.91
734.48
783.58
790.56
803.95
843.36
930.94
936.06
941.39
957.40
960.73
961.00
983.77
989.92
1022.18
1103.69
1104.12
1189.87
1199.22
1204.35
1215.26
1251.07
1291.00
1291.96
1331.35
1336.90
1389.06
1396.87
1405.86
1409.13
1428.92
1429.84
1447.38
1451.05
1492.56
1506.03
1569.94
1570.23
1649.71
1650.34
1775.09
1778.82
1822.16
1823.22
3010.09
3010.33
3045.62
3046.21
3054.45
3055.15
3084.43
3086.32
3165.94
3166.88
3874.67
3874.74
$end
