
$molecule
Br   2.83021721 1.08773050 3.12616805
C   1.34755664 0.71783476 2.00293910
C   0.10307158 0.41929808 2.57370616
C   1.49241375 0.74304464 0.61002345
Br  -0.09544341 0.36938899 4.45573676
C  -0.99445348 0.16254111 1.74115800
Br   3.19195855 1.19616450 -0.11429447
C   0.40877781 0.45838650 -0.24416414
Br  -2.68555018 -0.22001228 2.50965027
C  -0.84049507 0.18989837 0.34925734
C   0.57511827 0.46100845 -1.73826698
Br  -2.37105711 -0.12292352 -0.73606132
C   0.30878608 1.85274866 -2.30770860
H  -0.09689928 -0.28323801 -2.21960540
H   1.59161097 0.11709679 -2.03090088
H   0.42869452 1.86072934 -3.39753114
H  -0.71199349 2.19127070 -2.08711038
H   1.00195171 2.59766289 -1.89554389
$end
$temperature
298.15
$end
$mult
1
$end
$sigma
1
$end
$pressure
1.00000
$end
$scale
1.093
$end
$msrrho
$end
$freq
31.29
36.07
48.84
80.75
114.52
117.93
125.13
126.07
136.78
138.48
209.45
217.80
237.64
253.56
320.94
323.29
363.67
445.96
539.03
585.09
593.79
635.04
689.64
751.56
797.46
850.21
900.75
1004.58
1051.77
1107.27
1118.93
1150.41
1161.72
1255.32
1256.41
1263.20
1318.53
1334.30
1345.21
1398.69
1444.78
1577.21
1596.04
2644.71
2692.14
2692.81
2734.34
2786.18
$end
