
$molecule
C  -0.24248109 -0.65499962 0.61972309
C   1.06017747 -0.83211710 0.13429448
C  -0.70433181 0.63273215 0.92689208
C   1.90570677 0.27779441 -0.02226984
C   0.13354972 1.74148573 0.76838642
C   1.43891038 1.55855470 0.30181933
C  -2.11828310 0.83825508 1.37383968
O  -2.70602774 0.34025635 2.29874758
O  -2.68223553 1.74966390 0.51818604
C  -4.14009908 1.90819622 0.54241252
H  -4.47245851 1.88313238 1.60215591
H  -4.24387955 2.91400434 0.08237236
C  -4.76855345 0.78512832 -0.30105633
H  -4.21453744 -0.16198205 -0.07207181
C  -6.24760077 0.59546326 0.10543632
H  -6.72520476 1.59225464 0.25526666
H  -6.78994310 0.07709953 -0.72273890
C  -6.39770791 -0.24422155 1.37645865
H  -6.04634982 -1.28511167 1.19382244
H  -7.46651638 -0.27549654 1.68356182
H  -5.79709760 0.18109073 2.21238811
C  -4.64901607 1.06038453 -1.81566826
H  -5.18640844 0.25190762 -2.36753350
H  -5.14716026 2.03119143 -2.04766013
C  -3.19873847 1.11853800 -2.32481031
H  -2.59089111 1.75817037 -1.63647041
H  -3.19499758 1.59230738 -3.33475645
C  -2.53953692 -0.26692505 -2.42405633
H  -3.06297880 -0.87211743 -3.20148807
H  -2.64007782 -0.79338325 -1.44600848
C  -1.05315750 -0.16553624 -2.77994471
H  -0.92905247 0.23568067 -3.80962920
H  -0.52927144 0.51128705 -2.06970263
H  -0.58379928 -1.17374223 -2.72599548
Br  -1.39774150 -2.14054822 0.84606609
Br   1.66647887 -2.56225760 -0.33465507
Br   3.66564302 0.04529230 -0.68010925
Br   2.55280139 3.08013089 0.10215804
H  -0.24544992 2.74440533 0.99877586
$end
$temperature
298.15
$end
$mult
1
$end
$sigma
1
$end
$pressure
1.00000
$end
$scale
1.093
$end
$msrrho
$end
$freq
10.89
14.63
22.11
37.27
41.58
51.43
59.28
76.04
83.69
94.96
105.24
107.77
112.28
119.89
136.92
143.27
177.00
189.86
215.04
225.56
228.02
232.29
261.80
269.47
287.51
306.36
325.87
367.76
374.40
446.19
452.02
474.80
482.23
527.77
541.26
579.41
629.01
685.34
707.08
738.71
774.41
779.94
829.24
851.97
875.35
897.81
927.27
939.21
942.66
969.11
988.13
1024.82
1054.84
1064.64
1067.96
1113.71
1124.05
1133.14
1139.78
1145.86
1149.92
1165.76
1171.96
1182.76
1191.99
1200.46
1207.49
1229.91
1232.75
1261.25
1275.46
1304.98
1318.07
1325.95
1330.10
1335.57
1348.85
1356.14
1358.37
1359.70
1360.60
1362.07
1377.17
1377.56
1385.77
1394.17
1404.56
1408.75
1410.03
1460.90
1599.60
1611.02
1826.57
2628.04
2636.27
2641.04
2641.60
2650.73
2668.45
2670.83
2672.26
2678.24
2684.08
2723.17
2752.14
2764.98
2770.58
2774.39
2780.31
2854.14
2854.71
$end
