
$molecule
Br  -1.78710838 2.64242160 0.52815056
C  -0.76254549 1.12749803 0.22534535
C   0.61255066 1.22472512 0.16867861
C  -1.37505772 -0.09720527 0.05669045
Br   1.43540470 2.87030214 0.39529805
C   1.37512750 0.09723870 -0.05668842
Br  -3.22264308 -0.22790534 0.13280838
C  -0.61248304 -1.22470473 -0.16867435
Br   3.22270935 0.22779418 -0.13284038
C   0.76261754 -1.12747513 -0.22534498
Br  -1.43554934 -2.87019353 -0.39525555
Br   1.78724165 -2.64236662 -0.52815794
$end
$temperature
298.15
$end
$mult
1
$end
$sigma
1
$end
$pressure
1.00000
$end
$scale
0.953
$end
$msrrho
$end
$freq
64.3
44.45
43.97
40.94
40.94
52.87
77.01
77.66
112.61
211.41
211.41
250.87
251.88
288.64
288.79
500.27
597.88
597.89
600.36
600.47
798.31
878.72
878.74
1105.92
1408.66
1439.84
1560.58
1560.78
1805.43
1805.68
$end
