
$molecule
O   1.16789169 -0.46582279 -0.11421711
C   0.83238796 -0.28608021 1.02511631
C   1.72752358 -0.15651288 2.21282909
O  -0.44138331 -0.18108951 1.44449542
C   1.89340282 1.08254305 2.82813687
C   2.40110455 -1.27263832 2.70582313
C  -1.45279172 -0.30943772 0.42921282
C   1.12609557 2.26648990 2.34003273
C   2.77334687 1.21299433 3.90106361
Br   2.09403044 -2.94413606 1.88327977
C   3.26810635 -1.14603781 3.78871931
C  -2.76825955 -0.00771596 1.15627496
H  -1.23801551 0.40970575 -0.38185925
H  -1.40795790 -1.33711770 0.03110407
C  -2.76656180 1.43073222 1.70153504
C  -2.98779895 -1.00145724 2.31229143
H  -3.60024336 -0.11883519 0.41887258
C  -2.90158345 2.46853702 0.58195582
H  -3.59066884 1.56235970 2.42746537
H  -1.83714527 1.61207918 2.28187105
C  -3.27490492 -2.41575755 1.80990464
H  -3.82873236 -0.65637783 2.94409067
H  -2.09976900 -1.00571122 2.97590142
C  -2.73827891 3.88672093 1.14403981
H  -3.88177874 2.36890014 0.08173379
H  -2.14150026 2.28815504 -0.20286787
C  -2.71822380 4.92183653 0.02005872
H  -3.55844920 4.10913572 1.85189819
H  -1.80778175 3.95227136 1.74525187
H  -3.64914340 4.90182912 -0.55742537
H  -2.60049239 5.93588513 0.41787328
H  -1.89526628 4.74431543 -0.68066756
H  -3.50361089 -3.08905886 2.64415840
H  -4.13148146 -2.43730441 1.12814397
H  -2.41422777 -2.84101022 1.28144172
O   1.64185307 2.64353605 1.15626512
O   0.21169785 2.81217341 2.89597746
Br   3.01575000 2.92364498 4.66239706
C   3.46079156 0.10127472 4.38264250
Br   4.17985549 -2.66478724 4.44398034
C   1.03663001 3.79552079 0.54235927
Br   4.64796676 0.28993137 5.83944784
C   1.71227931 3.90010064 -0.82974175
H  -0.05364828 3.63052253 0.47032968
H   1.23482579 4.66876472 1.18641313
C   1.41471110 2.64986342 -1.67521557
C   3.23475972 4.07055395 -0.67143925
H   1.29813182 4.79936581 -1.34757588
C  -0.03889910 2.61800657 -2.15976875
H   2.09469636 2.61039839 -2.54670873
H   1.64272247 1.73526605 -1.08785282
C   3.60403442 5.43123133 -0.08211398
H   3.63820708 3.25743381 -0.03501468
H   3.72651034 3.94885533 -1.65570293
C  -0.33954763 1.28846484 -2.86390235
H  -0.23441246 3.46294165 -2.84444728
H  -0.73135716 2.75344276 -1.30632424
C  -1.82226460 1.17942365 -3.21728224
H  -0.03354107 0.43911405 -2.21850063
H   0.27725916 1.19695058 -3.77735634
H  -2.45727175 1.23902823 -2.32677749
H  -2.04138017 0.22894071 -3.71627607
H  -2.13148900 1.98409953 -3.89356663
H   4.69190214 5.56171385 -0.04881971
H   3.23638143 5.54198382 0.94426581
H   3.19401491 6.25464069 -0.67614404
$end
$temperature
298.15
$end
$mult
1
$end
$sigma
1
$end
$pressure
1.00000
$end
$scale
1.093
$end
$msrrho
$end
$freq
14.69
15.69
21.83
22.53
27.27
34.25
37.98
38.89
39.38
45.26
53.66
55.85
69.36
77.18
79.39
81.03
90.71
99.42
102.75
120.83
121.93
130.28
134.00
134.65
138.17
142.13
147.88
153.87
162.54
167.48
168.59
186.95
190.64
211.96
217.62
233.42
234.52
249.55
252.62
269.64
283.13
287.13
288.43
303.95
304.10
333.28
333.82
382.06
429.28
455.06
457.76
487.17
491.65
500.98
553.62
562.18
577.12
577.62
651.22
664.94
692.72
716.46
743.83
774.56
785.36
791.82
825.52
851.45
851.88
862.36
865.27
912.86
914.40
927.97
937.26
951.58
951.92
972.75
975.27
982.83
985.55
1042.68
1047.84
1053.92
1063.89
1084.21
1085.69
1100.95
1101.72
1120.49
1121.61
1131.22
1131.48
1142.36
1146.92
1154.33
1157.48
1159.51
1170.65
1171.32
1176.57
1176.70
1188.30
1189.19
1206.85
1207.42
1219.04
1219.18
1224.23
1225.23
1244.15
1244.29
1267.88
1283.21
1283.73
1284.02
1296.98
1298.32
1298.75
1300.16
1300.96
1301.69
1301.82
1302.99
1303.44
1304.86
1304.87
1314.13
1314.36
1320.96
1323.00
1325.95
1326.75
1328.92
1329.71
1330.97
1333.34
1336.00
1336.65
1345.14
1346.45
1359.85
1360.37
1366.87
1367.70
1379.79
1392.27
1392.89
1404.97
1405.16
1410.57
1410.65
1470.12
1518.21
1666.55
1677.90
1860.09
1866.79
2632.13
2636.84
2637.22
2643.98
2653.94
2654.01
2656.56
2656.79
2664.39
2672.30
2677.40
2677.82
2678.85
2679.41
2684.90
2685.10
2685.34
2687.04
2700.10
2700.24
2708.65
2708.75
2725.70
2731.45
2739.80
2739.86
2743.65
2743.90
2750.13
2753.18
2782.16
2782.26
2782.49
2782.59
$end
