
$molecule
Br  -1.80628817 2.67067524 0.53380776
C  -0.77467312 1.14538609 0.22893492
C   0.62225199 1.24415427 0.17134618
C  -1.39691565 -0.09875493 0.05758552
Br   1.45086536 2.90097341 0.39950381
C   1.39694147 0.09877835 -0.05757339
Br  -3.25712835 -0.23028208 0.13423998
C  -0.62221924 -1.24414035 -0.17133818
Br   3.25716625 0.23029775 -0.13424491
C   0.77469250 -1.14537357 -0.22892794
Br  -1.45083337 -2.90094749 -0.39950374
Br   1.80632416 -2.67065397 -0.53380770
$end
$temperature
298.15
$end
$mult
1
$end
$sigma
1
$end
$pressure
1.00000
$end
$scale
0.961
$end
$msrrho
$end
$freq
33.24
33.29
46.87
128.51
128.62
134.20
134.43
138.32
150.39
218.82
218.83
255.56
261.03
349.25
349.28
548.43
591.06
591.15
647.72
647.75
804.17
863.25
863.34
1113.03
1343.29
1390.76
1493.40
1493.57
1704.39
1704.52
$end
