
$molecule
Br 2.80309665985538 1.09216499818729 3.10442966087029
 C 1.33657998744441 0.71919720884164 1.98781436546541
 C 0.10244082096403 0.43400661578853 2.54818699417370
 C 1.48777521704104 0.73193596582632 0.61333667738635
Br -0.10096269282482 0.41040688685226 4.41822110678183
 C -0.98233538192902 0.16930932571908 1.72864672491157
Br 3.15823918681329 1.15359794757752 -0.14935166872936
 C 0.40881928265107 0.44748709146334 -0.22171915839258
Br -2.65921861585644 -0.20350706286661 2.49393898894141
 C -0.83228797759690 0.18190030944803 0.35404243709292
 C 0.56548024941577 0.48928099255613 -1.71209208092746
Br -2.31557223490201 -0.14402424548700 -0.76111873142633
 C 0.30185951956003 1.87088702826064 -2.28403125800206
 H -0.10928701094103 -0.24808736209715 -2.16370030633921
 H 1.57510766975168 0.15124281692072 -1.97544848884101
 H 0.41736567966315 1.89519069732381 -3.36923959046033
 H -0.71044510582393 2.20394762082995 -2.05057725163765
 H 0.98744674671431 2.60646116485549 -1.86084042086749
$end
$temperature
298.15
$end
$mult
 1
$end
$sigma
 1
$end
$pressure
1.00000
$end
$scale
1.03
$end
$msrrho
$end
$freq
33.09
36.78
47.76
51.28
87.46
89.67
93.05
95.06
101.31
161.72
173.66
191.34
195.68
206.57
251.17
261.04
298.18
403.59
431.70
497.85
571.51
582.17
626.79
773.45
789.02
837.77
843.31
894.40
1006.19
1008.54
1093.22
1161.09
1171.46
1292.79
1315.65
1350.85
1361.15
1370.60
1403.35
1448.56
1531.23
1540.23
1551.79
2973.02
2983.91
3011.68
3035.33
3035.68
$end
