
$molecule
 C -0.74924172182803 -3.27220488019876 0.20281678348409
 H -1.35266089299721 -2.93345317325136 -0.64593935656331
 H -1.05743789019772 -4.28598999061899 0.47894913055908
 C 0.74085869125523 -3.27526580686017 -0.19018722107389
 H 1.34526865195911 -2.93433050202281 0.65698917106326
 H 1.04611104508679 -4.29120759852079 -0.46162234119342
 O 0.98168326452439 -2.48179047149230 -1.35236777469257
 O -0.98779224638177 -2.47266906301563 1.36130568619375
 C 1.21863801057712 -1.14307547492652 -1.23083337136167
 C 0.30824722369254 -0.24108077653011 -1.78705923913036
 C 2.38147464928339 -0.63775726031571 -0.64628519707749
 C 0.50716826112998 1.12617740311177 -1.69458411250075
 C 2.58250594002578 0.72965578782696 -0.53886561753901
 C 1.63532689723799 1.60587885577884 -1.04609546800601
 H -0.21405740868266 1.81019252123262 -2.11999269057448
 H 3.48107209411702 1.10722723856273 -0.07075107851699
 C -1.22077209722521 -1.13383406455184 1.23356731124484
 C -0.30773275140207 -0.23197465678896 1.78566071418740
 C -2.38208886976642 -0.62778716932064 0.64662789262435
 C -0.50260914831475 1.13542408402520 1.68686553961536
 C -2.57910113585276 0.73970475089954 0.53293873797123
 C -1.62935828502222 1.61545844677037 1.03617646905582
 H 0.22065339552771 1.81926120153017 2.10908732863344
 H -3.47654782825818 1.11776536623238 0.06307412739539
Br 1.20913800969086 -0.90842521793531 2.72041180490185
Br -3.75807346261070 -1.80834347585901 0.05004498857087
Br -1.88676074761936 3.49498751486388 0.85260368477079
Br 3.75387077368412 -1.81965528687700 -0.04407907081444
Br -1.21061904776411 -0.91736512770246 -2.71868276866814
Br 1.89834462613094 3.48547482595379 -0.87131506255897
$end
$temperature
298.15
$end
$mult
 1
$end
$sigma
 1
$end
$pressure
1.00000
$end
$scale
1.0
$end
$msrrho
$end
$freq
11.21
20.00
23.11
37.91
47.32
49.46
80.52
103.77
105.47
107.42
109.17
117.78
118.27
170.09
172.14
175.82
177.84
222.30
224.51
249.79
249.95
286.46
297.75
347.17
350.44
352.87
368.81
417.92
442.39
470.51
470.76
528.70
530.79
536.34
541.72
650.73
651.71
677.82
689.84
765.65
767.73
808.98
819.04
820.52
838.66
854.81
855.00
891.43
992.05
1039.05
1048.49
1069.12
1095.53
1105.28
1134.05
1136.21
1173.51
1174.02
1239.16
1250.14
1260.16
1281.64
1288.12
1297.82
1336.92
1354.32
1376.13
1376.28
1417.91
1421.47
1439.92
1443.05
1531.04
1531.24
1553.51
1555.18
3007.42
3007.99
3038.79
3041.07
3138.04
3138.08
3139.57
3139.60
$end
