
$molecule
Br   2.31260428 -2.59035006 -1.39498259
C   0.97576666 -2.50353758 -0.07647204
C   0.64612432 -1.23599193 0.41889601
C   0.33266838 -3.62460897 0.42889331
O   1.26153512 -0.20421355 -0.24473109
C  -0.32900453 -1.08187789 1.40231960
Br   0.78235040 -5.32931267 -0.24230991
C  -0.62619774 -3.48120876 1.43387952
C   1.83675777 0.79720506 0.49686811
Br  -0.78996493 0.64610144 1.98755368
C  -0.95447842 -2.21594673 1.91727039
Br  -1.47705110 -5.01237525 2.13973465
C   1.53440799 2.08533946 0.03858539
C   2.75422372 0.59961777 1.52689282
Br  -2.24935948 -2.02275916 3.27789077
Br   0.27504413 2.23061903 -1.34921681
C   2.14619303 3.18276930 0.62775471
Br   3.18310747 -1.15254283 2.06248246
C   3.34785451 1.70965076 2.12516359
Br   1.73357162 4.91537354 0.00606439
C   3.04620884 2.99497803 1.67879168
Br   4.56305319 1.45639162 3.54798205
Br   3.85343136 4.49322167 2.49748813
$end
$temperature
298.15
$end
$mult
1
$end
$sigma
1
$end
$pressure
1.00000
$end
$scale
1.093
$end
$msrrho
$end
$freq
13.43
13.63
14.49
31.32
34.57
34.95
37.25
45.93
51.76
78.95
124.04
130.73
136.26
136.59
138.90
144.62
145.22
146.85
157.40
172.58
203.14
206.99
222.63
228.48
236.07
253.56
254.21
317.72
327.56
328.11
351.13
420.68
450.35
550.91
558.17
592.20
608.50
614.52
614.76
627.63
639.99
722.19
727.85
762.39
799.93
822.41
823.74
931.75
976.97
1118.86
1173.48
1288.69
1297.39
1371.37
1386.68
1450.81
1463.57
1478.21
1501.00
1652.17
1656.97
1659.14
1670.71
$end
