
$molecule
C   0.19884935 -0.91024706 1.15711596
C   1.55616634 -0.87176202 0.88544163
C  -0.69656826 -0.00192575 0.62179441
C   2.03522855 0.09621953 0.04865360
C  -0.20785098 0.98799718 -0.25352776
C   1.14659568 1.00344317 -0.50691671
C  -2.13879848 -0.12060711 0.96731610
O  -2.71198675 -1.14915683 1.26341852
O  -2.78587063 1.08398045 0.98527316
C  -4.20360122 1.12403756 1.03394622
H  -4.62736942 0.34060945 1.70245542
H  -4.36945960 2.10986476 1.50459081
C  -4.84615736 1.03073698 -0.36032016
H  -4.39308229 0.16763725 -0.92228594
C  -6.34530751 0.76421173 -0.19346636
H  -6.79840533 1.56603435 0.42320553
H  -6.84535268 0.82818851 -1.18075465
C  -6.61598486 -0.58859206 0.42751918
H  -6.29707192 -1.40850984 -0.22915538
H  -7.68354772 -0.72723636 0.63661418
H  -6.06795144 -0.70061329 1.37843675
C  -4.62625094 2.30051717 -1.19031190
H  -5.47763728 2.43881318 -1.88908865
H  -4.63707810 3.19242628 -0.53241889
C  -3.33484098 2.27844958 -1.99584001
H  -2.45349651 2.17163373 -1.32177205
H  -3.19970400 3.25588754 -2.49997597
C  -3.32953508 1.16073246 -3.02772016
H  -4.14905697 1.31561874 -3.75685858
H  -3.56445505 0.19899802 -2.51638005
C  -2.00391087 1.06888991 -3.74677806
H  -1.77012254 1.99773239 -4.28380665
H  -1.17648934 0.87954606 -3.04807310
H  -2.00507990 0.25481035 -4.48252270
Br  -0.27839783 -2.31101926 2.27858405
Br   2.49762756 -2.21903885 1.74566512
Br   3.78960296 0.37514103 -0.48449998
Br   1.99529181 2.22454022 -1.62632682
H  -0.89163884 1.71432783 -0.72736772
$end
$temperature
298.15
$end
$mult
1
$end
$sigma
1
$end
$pressure
1.00000
$end
$scale
0.953
$end
$msrrho
$end
$freq
14.75
21.47
44.62
47.88
50.66
59.13
75.99
78.61
91.10
102.58
109.03
127.73
160.96
171.37
176.93
189.73
199.99
228.51
230.78
235.37
241.74
251.46
273.79
291.23
314.68
322.22
343.48
387.20
435.38
448.55
484.83
489.12
505.47
537.22
560.01
596.27
605.21
710.04
729.33
783.30
790.08
826.74
829.88
853.40
895.15
927.40
941.23
955.19
968.43
975.43
1002.07
1050.72
1058.20
1075.77
1106.66
1122.63
1123.53
1130.29
1133.54
1138.55
1140.35
1149.59
1154.75
1169.12
1189.01
1193.81
1205.43
1247.82
1268.93
1305.76
1315.66
1320.47
1353.55
1357.79
1368.21
1382.00
1392.69
1395.83
1401.91
1407.67
1409.89
1410.90
1414.15
1415.73
1421.48
1439.51
1452.04
1467.81
1546.21
1603.89
1797.23
1831.18
1969.49
2821.31
2895.70
2920.14
2938.70
2945.69
2951.82
3008.09
3013.16
3017.49
3024.85
3030.76
3047.26
3059.19
3069.87
3084.58
3087.72
3170.31
3177.49
$end
