
$molecule
C   1.51316710 -3.88140188 0.40861804
C   1.52373365 -5.00442932 -0.63911317
H   2.55301365 -5.31467775 -0.86099440
H   0.98547320 -5.88975159 -0.28121522
H   1.07194522 -4.70337787 -1.59064349
C   2.12279571 -4.45750733 1.69568558
H   3.14204467 -4.82281462 1.52576232
H   2.16026887 -3.72819091 2.51235126
H   1.52697117 -5.30506770 2.05859705
C   2.25050770 -2.66394868 -0.13071911
C   1.84054287 -2.12969263 -1.35952080
C   3.22518021 -1.99871489 0.61377041
C   2.30993653 -0.89200916 -1.77189606
C   3.66695999 -0.74841016 0.20012582
C   3.15691293 -0.14665271 -0.95073137
H   1.12502435 -2.68214985 -1.97453146
H   3.61971905 -2.44370328 1.52909825
C   0.12719607 -3.32533312 0.70363753
C  -0.99704574 -3.69503600 -0.03208826
C   0.01504554 -2.32349330 1.67965103
C  -2.18351247 -2.98167974 0.11307205
C  -1.17241584 -1.62745129 1.81730235
C  -2.25866305 -1.89219320 0.97599008
H  -0.94481964 -4.52934183 -0.73400370
H   0.87988111 -2.07445679 2.30046844
O   3.57847120 1.11773340 -1.26713346
C   2.57136088 2.12219290 -1.16206474
H   1.63751859 1.82818186 -1.67246101
H   3.04510827 2.94288396 -1.74335780
C   2.34934501 2.52368205 0.29347179
H   3.31251535 2.45807256 0.85652354
O  -3.36760722 -1.10543685 1.12415116
C  -3.64016192 -0.21253238 0.04911486
H  -4.50906190 0.33162155 0.48854422
H  -3.99310738 -0.77103884 -0.83443460
C  -2.49722975 0.74469821 -0.27321811
H  -1.93039929 1.02312708 0.64458475
C  -2.98184985 1.95172029 -1.04300934
H  -2.18171291 2.46424831 -1.60582396
H  -3.78649951 1.71500708 -1.75927700
C   1.77221050 3.91057589 0.44604457
H   1.62933098 4.19008881 1.50660547
H   2.42461840 4.67316325 -0.01581476
Br   0.01929504 4.10878876 -0.40020769
Br  -3.69599417 3.29261208 0.19401496
Br   1.16911821 1.21694486 1.18308782
Br  -1.15052529 -0.15944298 -1.41275784
Br   1.79682036 -0.24696963 -3.47147711
Br   4.95638916 0.15802220 1.24069962
Br  -3.68602515 -3.52209843 -0.89551213
Br  -1.33269744 -0.29817725 3.14779656
$end
$temperature
298.15
$end
$mult
1
$end
$sigma
1
$end
$pressure
1.00000
$end
$scale
1.093
$end
$msrrho
$end
$freq
11.27
14.09
20.89
22.18
27.15
29.95
36.35
39.57
48.65
55.23
60.41
65.76
67.47
96.99
102.37
103.24
115.92
122.51
127.52
135.86
154.82
168.81
171.32
175.02
186.83
196.06
202.89
210.18
214.93
222.62
244.87
257.09
264.32
269.29
275.12
298.12
312.14
317.15
340.07
350.42
360.94
394.48
402.56
437.25
473.58
487.11
493.38
495.74
516.50
525.22
540.42
553.81
573.74
607.19
628.77
638.41
673.27
694.88
718.50
737.57
752.04
754.21
764.40
771.40
791.36
865.87
878.99
908.04
935.71
953.58
957.25
966.21
975.42
988.68
991.20
995.33
1005.13
1025.23
1034.29
1039.65
1084.12
1093.32
1138.32
1149.71
1150.72
1161.06
1163.08
1176.19
1193.84
1196.70
1198.43
1204.27
1210.97
1215.46
1222.85
1240.33
1243.78
1250.12
1268.48
1273.76
1277.38
1283.78
1289.37
1292.39
1298.33
1304.59
1306.06
1308.41
1317.89
1332.25
1338.79
1341.04
1343.91
1369.44
1371.85
1399.25
1406.52
1423.94
1437.65
1490.66
1494.11
1552.41
1562.19
1673.78
1676.53
1700.75
1703.26
2628.79
2631.27
2635.88
2636.24
2663.56
2666.72
2667.27
2669.66
2673.77
2677.82
2706.30
2708.21
2711.28
2717.81
2734.46
2736.70
2741.66
2742.51
2777.65
2779.58
$end
