
$molecule
Br  -1.81621217 2.68534743 0.53673314
C  -0.76370074 1.12917724 0.22569176
C   0.61344305 1.22654707 0.16892557
C  -1.37712138 -0.09736001 0.05677224
Br   1.45883152 2.91691073 0.40170462
C   1.37715681 0.09737518 -0.05676332
Br  -3.27503494 -0.23155060 0.13498481
C  -0.61340799 -1.22653355 -0.16891720
Br   3.27507097 0.23155732 -0.13498952
C   0.76373105 -1.12916696 -0.22568329
Br  -1.45880507 -2.91687837 -0.40170400
Br   1.81624670 -2.68531942 -0.53673332
$end
$temperature
298.15
$end
$mult
1
$end
$sigma
1
$end
$pressure
1.00000
$end
$scale
1.0
$end
$msrrho
$end
$freq
37.11
37.14
48.90
96.16
96.32
100.43
110.97
111.21
125.57
203.85
203.86
233.78
236.20
310.78
310.91
505.38
529.25
529.38
602.01
602.15
754.50
764.98
765.21
958.93
1302.13
1356.54
1475.50
1475.62
1717.93
1718.04
$end
