
$molecule
C   0.05725353 -3.06864448 -1.27671712
C   0.00494441 -2.18211544 -0.01962982
C   1.23092931 -1.30155049 0.13782234
C  -1.22488278 -1.30470888 -0.16420842
C  -0.04342607 -3.08712769 1.22436798
C   2.41706186 -1.55229339 -0.55601539
C   1.17161532 -0.22813698 1.03342605
C  -1.17031846 -0.21813617 -1.04411472
C  -2.40984593 -1.57067439 0.52595290
C   3.51735706 -0.72980222 -0.36557460
C   3.46040567 0.35359024 0.51941353
Br   5.11743152 -1.06373669 -1.30588375
C   2.27439585 0.59372904 1.21708542
O   4.59165627 1.08019105 0.61515952
Br   2.13918094 2.04239704 2.42089907
C  -2.27669598 0.60147547 -1.21580296
C  -3.46159098 0.34604249 -0.52167635
Br  -2.14792247 2.06804215 -2.39846150
C  -3.51373058 -0.75030575 0.34750727
O  -4.59600973 1.06901375 -0.60682450
Br  -5.11225817 -1.10481865 1.28289723
H   0.23275489 -2.47733291 -2.18287618
H   0.84132355 -3.82985281 -1.20645761
H  -0.89337265 -3.59881015 -1.41800894
H  -0.22145610 -2.50991962 2.13908720
H  -0.82416081 -3.85064447 1.14300454
H   0.90949322 -3.61516656 1.35792637
H   2.48043172 -2.39609579 -1.24764435
H   0.24308133 -0.04082077 1.58280668
H  -0.24265350 -0.01880773 -1.59072927
H  -2.46946873 -2.42470315 1.20525568
H   4.52058897 1.84534077 1.24418520
H  -4.52836193 1.84350952 -1.22468770
$end
$temperature
298.15
$end
$mult
1
$end
$sigma
1
$end
$pressure
1.00000
$end
$scale
1.093
$end
$msrrho
$end
$freq
9.56
11.26
23.87
68.99
69.75
83.31
98.06
110.77
117.36
124.25
162.58
164.17
186.16
214.33
230.16
243.17
244.64
252.63
258.89
265.52
266.02
273.87
289.73
311.50
317.93
358.99
366.43
395.75
446.40
495.26
499.41
501.33
525.63
547.10
591.16
647.98
652.04
716.38
717.21
755.52
756.26
765.88
814.72
922.43
959.58
962.06
963.36
970.35
975.03
988.31
994.02
1029.57
1136.23
1139.52
1186.70
1196.94
1204.95
1214.14
1214.43
1293.49
1293.56
1297.22
1297.88
1304.88
1305.77
1313.32
1325.83
1371.69
1376.78
1397.49
1403.89
1451.24
1454.09
1511.33
1513.47
1571.67
1576.52
1681.14
1685.34
1701.79
1703.54
2670.68
2672.50
2676.58
2677.36
2732.10
2734.73
2738.29
2738.43
2755.89
2757.26
2778.39
2779.93
$end
