
$molecule
C  -0.00014718 -2.94970939 0.00011470
C   0.20182281 -3.84620764 1.23679879
H  -0.75776664 -4.36433290 1.46970315
H   0.97910941 -4.61666784 1.04052403
H   0.49371588 -3.24544889 2.12567518
C  -0.20226446 -3.84638581 -1.23640611
H   0.75712767 -4.36500569 -1.46904852
H  -0.97993668 -4.61643468 -1.04006461
H  -0.49371213 -3.24566209 -2.12545346
C   1.18268393 -2.01632707 -0.29274115
C   0.98582267 -0.98911702 -1.23763089
C   2.40871996 -2.10462832 0.37187084
C   1.95858892 -0.01718026 -1.43815638
C   3.38582427 -1.12271413 0.17709478
C   3.15879428 -0.04868057 -0.69804947
H   0.04538495 -0.93747420 -1.79475118
H   2.61325927 -2.93015379 1.05702063
C  -1.18282932 -2.01607407 0.29282479
C  -0.98593566 -0.98894054 1.23780029
C  -2.40875576 -2.10406719 -0.37203071
C  -1.95855019 -0.01683798 1.43819938
C  -3.38574547 -1.12203022 -0.17730677
C  -3.15868225 -0.04809056 0.69794930
H  -0.04555874 -0.93749572 1.79504817
H  -2.61332617 -2.92950170 -1.05728939
O   4.10017441 0.94180239 -0.89262301
C   4.08742649 2.00794934 0.11760242
H   4.41874743 1.56997093 1.08382271
H   4.85927350 2.67767351 -0.32908831
O  -4.09997180 0.94246641 0.89258717
C  -4.08707223 2.00882181 -0.11741438
H  -4.41865478 1.57108661 -1.08365475
H  -4.85867138 2.67869318 0.32950292
C   2.73821346 2.65941020 0.20762992
H   2.56699604 3.46310172 -0.51129038
C   1.79908861 2.27229771 1.06969276
H   1.94393842 1.45702264 1.77836774
H   0.81666162 2.74498818 1.10847443
C  -2.73771570 2.65997701 -0.20749033
H  -2.56627087 3.46361023 0.51145591
C  -1.79873378 2.27270008 -1.06963305
H  -1.94383766 1.45748922 -1.77834163
H  -0.81620102 2.74516712 -1.10845223
Br   5.02469162 -1.27223953 1.13143764
Br   1.62777359 1.35897477 -2.71143212
Br  -1.62774083 1.35918961 2.71161376
Br  -5.02451693 -1.27126054 -1.13185395
$end
$temperature
298.15
$end
$mult
1
$end
$sigma
1
$end
$pressure
1.00000
$end
$scale
1.093
$end
$msrrho
$end
$freq
13.42
18.12
35.18
36.01
39.95
44.52
50.33
59.20
67.08
91.55
96.62
97.33
97.99
109.50
127.35
133.67
150.07
159.49
167.63
170.77
199.14
222.94
230.31
233.97
242.74
261.18
266.69
273.13
300.82
314.01
314.76
328.97
334.65
394.02
398.40
421.43
433.00
468.47
469.58
482.07
492.84
495.40
523.36
532.08
574.25
620.35
632.49
641.02
656.78
717.29
729.31
735.07
741.59
746.54
770.54
894.30
915.50
921.12
922.65
923.35
925.31
931.52
935.84
945.74
947.36
960.81
977.38
985.34
986.19
988.10
1030.86
1032.32
1066.74
1071.68
1072.59
1075.92
1117.42
1119.13
1125.79
1129.79
1169.67
1191.97
1192.16
1204.94
1219.17
1255.65
1257.04
1272.91
1273.23
1288.10
1292.41
1298.19
1300.48
1350.34
1350.62
1351.56
1357.11
1367.92
1370.70
1375.70
1377.99
1397.08
1403.47
1404.34
1415.44
1435.03
1435.45
1488.28
1493.91
1600.24
1603.29
1627.28
1630.54
1783.83
1783.91
2640.28
2640.33
2661.89
2663.53
2670.50
2671.27
2692.86
2694.18
2732.61
2734.73
2740.03
2740.33
2749.94
2750.30
2753.80
2754.06
2813.70
2814.21
2852.26
2854.89
$end
