
$molecule
O   0.99754074 -0.52443682 -0.03511880
C   0.71099365 -0.37385228 1.13435420
C   1.66589709 -0.17911590 2.27009803
O  -0.58495595 -0.37111176 1.54582922
C   1.96509379 1.10419042 2.77989773
C   2.30385860 -1.27052211 2.83201948
C  -1.60648577 -0.51821435 0.55535715
C   1.28750017 2.33526333 2.26510380
C   2.89291562 1.20144060 3.80148748
Br   2.05995168 -3.05249169 2.34099362
C   3.22552096 -1.14804663 3.86004897
C  -2.97265038 -0.29102654 1.21876035
H  -1.46135353 0.23323479 -0.25648263
H  -1.53162212 -1.53048576 0.11571468
C  -3.13117661 1.16514377 1.66453208
C  -3.24331347 -1.24063372 2.38616218
H  -3.73365391 -0.49530936 0.42265020
C  -3.15549552 2.11419525 0.47564545
H  -4.06572099 1.28025343 2.24972781
H  -2.31209641 1.43712706 2.36145246
C  -3.43273613 -2.67317668 1.93865964
H  -4.15476077 -0.90330246 2.92118191
H  -2.42611599 -1.17797009 3.13143017
C  -2.92730478 3.55432419 0.90397461
H  -4.11903724 2.02510097 -0.06527646
H  -2.37696417 1.80817958 -0.27107853
C  -2.80352158 4.46871061 -0.29360410
H  -3.75537444 3.88728823 1.55971499
H  -2.00806116 3.62560615 1.52251331
H  -3.68994564 4.41929793 -0.93925389
H  -2.67549089 5.51432650 0.01232596
H  -1.93000219 4.19418082 -0.91281666
H  -3.65873520 -3.32532004 2.79214796
H  -4.26072112 -2.77063746 1.22348730
H  -2.53337977 -3.07480176 1.45210201
O   1.85380953 2.79197934 1.11641583
O   0.34287353 2.90637308 2.76907178
Br   3.45943098 2.77876646 4.61827742
C   3.52393487 0.09296602 4.34409881
Br   3.92557227 -2.77098468 4.42187388
C   1.28438808 3.94959961 0.49845120
Br   4.71866944 0.51254926 5.69916727
C   1.95206606 4.15737839 -0.86873155
H   0.18746682 3.80480973 0.35474468
H   1.44062358 4.81965858 1.16338508
C   1.57930972 3.03254805 -1.83827160
C   3.47118818 4.30853572 -0.78344426
H   1.53078877 5.11491488 -1.26911839
C   0.09397491 3.04724480 -2.16720780
H   2.16683270 3.13108875 -2.77325431
H   1.87176090 2.05247892 -1.40869324
C   3.89070431 5.59998980 -0.11679290
H   3.91556618 3.44305642 -0.25368868
H   3.89472173 4.27413802 -1.80825179
C  -0.34984997 1.74312862 -2.80894439
H  -0.14169553 3.90050428 -2.83456261
H  -0.49977718 3.23820143 -1.23536285
C  -1.84977433 1.70654347 -2.99458734
H  -0.03194636 0.88379767 -2.18190539
H   0.16269381 1.60920178 -3.78153576
H  -2.37054732 1.75708179 -2.02090660
H  -2.16937186 0.78261944 -3.49210633
H  -2.20763253 2.54908505 -3.60048541
H   4.98391203 5.69712812 -0.10032673
H   3.54369962 5.65768311 0.92393382
H   3.49155373 6.47818237 -0.64213960
$end
$temperature
298.15
$end
$mult
1
$end
$sigma
1
$end
$pressure
1.00000
$end
$scale
0.953
$end
$msrrho
$end
$freq
16.96
17.90
28.32
33.28
33.62
37.14
46.74
51.58
53.08
55.31
70.60
71.34
88.25
92.83
98.48
106.90
109.99
115.57
117.37
127.62
137.15
155.42
159.37
162.93
165.58
176.42
190.18
197.17
203.10
212.70
218.35
221.61
227.11
232.52
235.05
242.34
255.66
269.38
271.63
287.15
301.10
306.70
314.31
327.86
330.40
366.71
378.04
381.32
436.99
477.12
490.51
499.58
509.52
511.65
550.11
568.92
587.26
591.75
661.09
665.90
690.72
724.39
776.98
777.84
787.68
811.18
829.58
831.21
851.83
858.64
865.36
905.39
907.71
924.09
925.60
946.32
947.97
957.89
960.63
974.03
975.16
1010.69
1011.00
1032.91
1033.84
1037.39
1039.68
1077.30
1077.67
1104.39
1104.49
1113.17
1117.80
1123.46
1124.17
1126.28
1128.69
1130.58
1131.17
1134.91
1137.50
1142.64
1144.81
1157.11
1157.18
1162.29
1165.93
1172.05
1172.71
1182.28
1187.33
1191.36
1221.68
1222.68
1268.96
1269.69
1294.93
1297.67
1312.14
1312.58
1314.18
1319.08
1321.87
1362.00
1365.85
1379.99
1380.46
1382.36
1384.01
1385.83
1392.11
1402.49
1403.02
1404.24
1404.44
1405.70
1405.97
1407.74
1408.57
1408.68
1409.19
1410.01
1410.13
1418.38
1419.71
1426.77
1428.28
1429.20
1438.85
1470.15
1473.98
1486.19
1555.01
1626.15
1796.94
1830.53
1968.98
1974.06
2851.73
2851.78
2867.44
2867.91
2885.60
2885.99
2946.81
2947.42
2948.34
2948.48
2950.10
2950.17
2962.67
2962.80
3005.85
3005.92
3028.71
3028.87
3029.93
3030.07
3034.70
3034.74
3066.78
3066.92
3074.23
3074.33
3082.05
3082.13
3084.93
3085.01
3174.36
3174.77
3179.36
3179.40
$end
