
$molecule
 O 0.51341906392188 0.09465926545697 -0.01649681776988
 C 0.35185712763923 -0.24597604376462 1.13886046640630
 C 1.42526001617924 -0.04236429782802 2.15610882876489
 O -0.78270537720168 -0.83548971688672 1.62385839448190
 C 1.84102818450350 1.24751652073252 2.53388060635580
 C 1.99603667812987 -1.14853696724404 2.77357107577810
 C -1.79002607609490 -0.90291411273120 0.64317660630922
 C 1.29528009985924 2.46557838967260 1.86540021021504
 C 2.80799558084200 1.38606766038258 3.52248244143404
Br 1.44443825916904 -2.85966639554029 2.23329553404330
 C 2.95863270297255 -0.99444339382921 3.75068013526424
 C -3.13956030257012 -0.52962119915006 1.25699806550430
 H -1.52507116292163 -0.22632692901511 -0.17585667052291
 H -1.78778149288968 -1.91649153049966 0.22919123427646
 C -3.05616267136562 0.87619633369567 1.87293308680900
 C -3.54319146367962 -1.55784223152513 2.32554739661079
 H -3.90679280286554 -0.52547729857935 0.46675289019780
 C -2.80117551963467 1.98907662456248 0.85979943962651
 H -3.97721253778173 1.09020124109894 2.42676206776405
 H -2.25389936643986 0.87959720665484 2.61977402104594
 C -3.79869035767736 -2.95143333769252 1.77608437171059
 H -4.43484971273744 -1.19617211473164 2.85303127950949
 H -2.75044956496697 -1.59176304249741 3.08276905676606
 C -2.78048586683763 3.37990544983048 1.49482486567221
 H -3.56203900113978 1.95237749885379 0.07164718817019
 H -1.84362992368084 1.81559281032370 0.35733979782365
 C -2.64941196628545 4.49424765775169 0.46969060862315
 H -3.69020240910847 3.52199716876080 2.09205018970597
 H -1.95098726448045 3.42883768235475 2.21332901066291
 H -3.48865104011893 4.48983791207752 -0.22782189685360
 H -2.61522663566667 5.47988997223394 0.93826495849534
 H -1.74061097405616 4.38128316380579 -0.12208594259351
 H -4.14396057220417 -3.63756076445852 2.55218214141340
 H -4.55825038628722 -2.93353716616314 0.99303939278126
 H -2.89631523323308 -3.38538098849453 1.34421529871698
 O 2.22777436212032 3.21325307152154 1.20043315183184
 O 0.11284717761626 2.73853942067628 1.93258819090875
Br 3.32613365214003 3.11453849040537 4.04066653284362
 C 3.36437294799427 0.27710579964624 4.12773855623011
Br 3.71530795671123 -2.51009330520415 4.56862198927134
 C 1.63664746263825 4.28979091919528 0.51087038173859
Br 4.67232977197133 0.49365688427338 5.46230585476886
 C 2.17350380379664 4.35080547643790 -0.91900888784809
 H 0.54952643225862 4.16101785608901 0.52291390659517
 H 1.85184369909890 5.20461172852739 1.07269051174717
 C 1.87141414025660 3.02986048508739 -1.64461239630223
 C 3.68615512406845 4.62206800113567 -0.90886797663182
 H 1.67402573598465 5.17189369267485 -1.45711994011978
 C 0.38394745475822 2.75830947580072 -1.85472305991429
 H 2.38414180269547 3.01805991452295 -2.61303716423698
 H 2.30983572420461 2.20758413182396 -1.06729683897377
 C 4.06593435525455 5.97873032738123 -0.33918392593621
 H 4.17160672627791 3.82398194626087 -0.33407744427941
 H 4.07555248509598 4.52432620742148 -1.93008041772842
 C 0.11968926069325 1.48001887311927 -2.65112079271921
 H -0.07940044471276 3.61263137649565 -2.36163394509030
 H -0.11639137806368 2.68301308188076 -0.88350306478099
 C -1.35399734879119 1.26831111428617 -2.95650918843505
 H 0.51688448103249 0.62364687992729 -2.08975616724898
 H 0.69741549793140 1.50613462247565 -3.58390234769633
 H -1.94503196898695 1.22198253231570 -2.04139247377446
 H -1.52903886858815 0.34193603609051 -3.50738840143657
 H -1.75463371823925 2.08809653448962 -3.55509454063144
 H 5.14019750203310 6.16216949117448 -0.40706455085522
 H 3.79314903356620 6.06359174787121 0.71321063609165
 H 3.56130810587747 6.78580415858882 -0.87247852058806
$end
$temperature
298.15
$end
$mult
 1
$end
$sigma
 1
$end
$pressure
1.00000
$end
$scale
1.03
$end
$msrrho
$end
$freq
11.89
15.78
19.85
21.99
25.83
28.62
36.82
37.58
40.45
41.55
58.36
63.49
65.34
67.36
79.43
81.86
87.39
92.77
94.40
102.97
109.54
116.04
118.78
123.09
127.32
144.71
150.29
166.47
169.46
183.57
193.43
194.91
203.05
225.90
231.36
236.98
240.12
247.89
249.31
252.48
253.91
264.16
266.37
295.07
297.38
322.21
345.81
367.16
388.51
435.93
438.28
451.89
472.31
473.25
476.91
477.65
540.54
552.38
598.75
599.14
654.60
680.08
699.01
723.76
766.29
767.66
786.40
796.31
796.73
801.81
803.71
821.14
821.96
833.58
858.68
860.92
867.82
875.36
878.65
891.05
891.91
901.17
901.59
918.45
920.15
931.78
933.54
962.54
964.43
968.14
968.51
985.36
986.90
1017.50
1017.72
1029.23
1029.71
1031.62
1031.78
1052.88
1054.04
1068.17
1079.04
1174.89
1175.17
1175.46
1176.73
1200.18
1201.02
1205.99
1208.74
1211.50
1222.07
1225.08
1228.82
1273.83
1274.45
1318.55
1318.69
1327.11
1328.35
1328.51
1336.46
1351.61
1351.87
1352.11
1352.17
1360.00
1360.25
1361.71
1361.85
1372.63
1375.45
1379.24
1379.66
1385.19
1385.44
1387.45
1387.84
1390.85
1392.08
1397.98
1398.29
1404.28
1404.88
1411.28
1411.97
1442.26
1442.70
1461.76
1461.84
1467.11
1467.82
1526.54
1546.07
1547.14
1690.64
1693.51
2955.07
2955.25
2971.35
2972.34
2972.83
2972.84
2977.05
2977.33
2978.99
2979.20
2979.70
2980.00
2981.97
2982.09
2987.37
2989.91
2995.30
2995.72
3003.78
3004.60
3006.23
3006.29
3009.94
3010.32
3016.64
3021.91
3033.04
3033.19
3033.59
3033.64
3037.68
3037.79
3039.65
3039.78
$end
