
$molecule
C   0.04217705 -3.06898646 -1.28552889
C   0.00496889 -2.18644768 -0.01964385
C   1.24276962 -1.29557616 0.13056209
C  -1.23671441 -1.29886718 -0.15684128
C  -0.02835246 -3.08759196 1.23317081
C   2.44593396 -1.56790806 -0.53403249
C   1.18198912 -0.19622482 1.00392839
C  -1.18083685 -0.18672951 -1.01420296
C  -2.43862899 -1.58607147 0.50375458
C   3.56336635 -0.75149217 -0.35443212
C   3.49709712 0.35988684 0.51050762
Br   5.16156764 -1.16836659 -1.29222087
C   2.29030123 0.62565563 1.19065400
O   4.62386307 1.11197956 0.63154160
Br   2.15488586 2.10823070 2.37118650
C  -2.29276312 0.63291547 -1.18896811
C  -3.49830627 0.35208181 -0.51265592
Br  -2.16395687 2.13307268 -2.34785805
C  -3.55962547 -0.77199121 0.33610158
O  -4.62838916 1.10085906 -0.62278211
Br  -5.15589570 -1.20941311 1.26780266
H   0.27004324 -2.45457798 -2.18413799
H   0.79855675 -3.87675849 -1.18409699
H  -0.95615121 -3.54317977 -1.43182876
H  -0.25879656 -2.48746264 2.14072215
H  -0.78122128 -3.89706436 1.11992899
H   0.97201519 -3.55956591 1.37250082
H   2.52733592 -2.42939987 -1.20256774
H   0.25082025 0.02124960 1.53860540
H  -0.25072237 0.04252620 -1.54576695
H  -2.51619318 -2.45751578 1.15970970
H   4.51025242 1.88402003 1.25758445
H  -4.51822420 1.88242406 -1.23752239
$end
$temperature
298.15
$end
$mult
1
$end
$sigma
1
$end
$pressure
1.00000
$end
$scale
1.093
$end
$msrrho
$end
$freq
10.67
12.22
24.80
64.48
64.91
80.87
102.96
112.37
119.71
136.53
158.84
161.28
188.84
226.93
241.04
249.78
255.77
267.61
272.80
283.69
290.39
310.75
318.22
345.83
346.32
361.83
368.63
395.84
441.25
487.99
489.98
495.86
516.83
539.78
584.91
636.98
638.21
689.15
689.95
737.59
739.88
750.14
794.10
910.98
925.05
925.16
937.05
941.73
942.41
958.31
972.36
990.45
1090.25
1093.43
1115.96
1125.13
1174.05
1198.19
1211.24
1241.01
1242.45
1267.41
1285.60
1306.62
1309.78
1355.79
1355.86
1365.18
1374.09
1397.47
1397.89
1401.02
1415.26
1454.70
1456.03
1503.38
1507.20
1611.82
1615.55
1627.24
1630.15
2498.67
2500.08
2661.55
2664.24
2670.61
2672.70
2727.33
2729.48
2735.60
2735.63
2852.20
2854.57
$end
