
$molecule
H  -3.04320822 -0.10714675 -0.06433084
O  -2.41313770 0.66685845 0.01788987
C  -1.10773014 0.29831415 0.03181315
C  -0.16801779 1.34967933 0.14627620
C  -0.65668465 -1.03457718 -0.05900226
Br  -0.75643874 3.14575073 0.26927880
C   1.19540629 1.06554819 0.16882158
Br  -1.90462636 -2.45302360 -0.21277995
C   0.71067659 -1.31870041 -0.03632840
H   1.92687207 1.87735652 0.25739997
C   1.62161281 -0.26636804 0.07726787
H   1.06021893 -2.35467944 -0.10694963
Br   3.48475504 -0.64759236 0.10864675
$end
$temperature
298.15
$end
$mult
1
$end
$sigma
1
$end
$pressure
1.00000
$end
$scale
1.093
$end
$msrrho
$end
$freq
67.51
104.56
116.64
123.97
160.98
255.63
271.03
313.11
321.22
357.17
366.91
490.07
515.63
526.09
686.75
692.47
740.91
848.68
922.79
938.90
1094.94
1119.28
1216.51
1241.21
1299.10
1371.68
1449.98
1488.91
1608.50
1613.27
2492.71
2723.65
2727.41
$end
